held_out_building,seed,method,regime,metric,value
auditorium,101,EF-PD,source_norm,accuracy,0.9961993040075693
auditorium,101,EF-PD,source_norm,macro_f1,0.972343556949554
auditorium,101,EF-PD,source_norm,macro_auroc,0.9998054283809839
auditorium,101,EF-PD,source_norm,macro_auprc,0.9976438975055208
auditorium,101,EF-PD,source_norm,nll,0.00846345712296674
auditorium,101,EF-PD,source_norm,class_1_precision,0.9994171717844534
auditorium,101,EF-PD,source_norm,class_1_recall,0.996645576977366
auditorium,101,EF-PD,source_norm,class_1_f1,0.9980294501583923
auditorium,101,EF-PD,source_norm,class_1_auroc,0.9998054225556607
auditorium,101,EF-PD,source_norm,class_1_auprc,0.9999930666283754
auditorium,101,EF-PD,source_norm,class_2_precision,0.9123644251626898
auditorium,101,EF-PD,source_norm,class_2_recall,0.9836295603367633
auditorium,101,EF-PD,source_norm,class_2_f1,0.9466576637407157
auditorium,101,EF-PD,source_norm,class_2_auroc,0.999805434206307
auditorium,101,EF-PD,source_norm,class_2_auprc,0.9952947283826662
auditorium,101,EF-PD,source_norm,brier,0.005397033042825104
auditorium,101,EF-PD,source_norm,ece15,0.0012464791702173658
auditorium,101,EF-PD,source_norm,reversed_auroc,0.0001945696772418342
auditorium,101,EF-PD,source_norm,recall_return_air_temperature_fault,0.9884659746251442
auditorium,101,EF-PD,source_norm,recall_supply_air_temperature_fault,0.9628712871287128
auditorium,101,EF-PD,source_norm,selective_error_at_0.5,0.0
auditorium,101,EF-PD,source_norm,selective_error_at_0.8,0.0
auditorium,101,EF-PD,source_norm,selective_error_at_1,0.0038006959924307138
auditorium,101,EF-PD,source_norm,parameters,12354.0
auditorium,101,EF-PD,source_norm,train_seconds,18.13754589999735
auditorium,101,EF-PD,source_norm,epochs,12.0
auditorium,101,EF-PD,source_norm,inference_ms_per_observation,0.0003389515212454313
auditorium,101,EF-PD,target_norm,accuracy,0.8938691726670622
auditorium,101,EF-PD,target_norm,macro_f1,0.6660734279691575
auditorium,101,EF-PD,target_norm,macro_auroc,0.992385116199896
auditorium,101,EF-PD,target_norm,macro_auprc,0.9295474859953297
auditorium,101,EF-PD,target_norm,nll,0.3987039240188074
auditorium,101,EF-PD,target_norm,class_1_precision,0.999627150873399
auditorium,101,EF-PD,target_norm,class_1_recall,0.890433251963666
auditorium,101,EF-PD,target_norm,class_1_f1,0.9418759880555068
auditorium,101,EF-PD,target_norm,class_1_auroc,0.9923850249364997
auditorium,101,EF-PD,target_norm,class_1_auprc,0.9997205687626555
auditorium,101,EF-PD,target_norm,class_2_precision,0.2430013767783387
auditorium,101,EF-PD,target_norm,class_2_recall,0.990645463049579
auditorium,101,EF-PD,target_norm,class_2_f1,0.3902708678828082
auditorium,101,EF-PD,target_norm,class_2_auroc,0.9923852074632922
auditorium,101,EF-PD,target_norm,class_2_auprc,0.8593744032280037
auditorium,101,EF-PD,target_norm,brier,0.1678851117619922
auditorium,101,EF-PD,target_norm,ece15,0.06893009151066488
auditorium,101,EF-PD,target_norm,reversed_auroc,0.007614792536707807
auditorium,101,EF-PD,target_norm,recall_return_air_temperature_fault,0.9919261822376009
auditorium,101,EF-PD,target_norm,recall_supply_air_temperature_fault,0.9851485148514851
auditorium,101,EF-PD,target_norm,selective_error_at_0.5,0.0022772467765732607
auditorium,101,EF-PD,target_norm,selective_error_at_0.8,0.04293875914603584
auditorium,101,EF-PD,target_norm,selective_error_at_1,0.10613082733293777
auditorium,101,EF-PD,target_norm,parameters,12354.0
auditorium,101,EF-PD,target_norm,train_seconds,18.13754589999735
auditorium,101,EF-PD,target_norm,epochs,12.0
auditorium,101,EF-PD,target_norm,inference_ms_per_observation,0.0003351331847543656
auditorium,101,EF-PD,coral_adapt,accuracy,0.8945587504209631
auditorium,101,EF-PD,coral_adapt,macro_f1,0.6615997020505886
auditorium,101,EF-PD,coral_adapt,macro_auroc,0.9790587671183529
auditorium,101,EF-PD,coral_adapt,macro_auprc,0.8389392651585401
auditorium,101,EF-PD,coral_adapt,nll,0.4174465265658472
auditorium,101,EF-PD,coral_adapt,class_1_precision,0.99784690771401
auditorium,101,EF-PD,coral_adapt,class_1_recall,0.8927414935485478
auditorium,101,EF-PD,coral_adapt,class_1_f1,0.9423725842499672
auditorium,101,EF-PD,coral_adapt,class_1_auroc,0.9790604020923878
auditorium,101,EF-PD,coral_adapt,class_1_auprc,0.9991952599235783
auditorium,101,EF-PD,coral_adapt,class_2_precision,0.23841528121683764
auditorium,101,EF-PD,coral_adapt,class_2_recall,0.9457436856875585
auditorium,101,EF-PD,coral_adapt,class_2_f1,0.3808268198512101
auditorium,101,EF-PD,coral_adapt,class_2_auroc,0.9790571321443181
auditorium,101,EF-PD,coral_adapt,class_2_auprc,0.678683270393502
auditorium,101,EF-PD,coral_adapt,brier,0.17668244137086567
auditorium,101,EF-PD,coral_adapt,ece15,0.08148889437570911
auditorium,101,EF-PD,coral_adapt,reversed_auroc,0.02094231250820691
auditorium,101,EF-PD,coral_adapt,recall_return_air_temperature_fault,0.9544405997693195
auditorium,101,EF-PD,coral_adapt,recall_supply_air_temperature_fault,0.9084158415841584
auditorium,101,EF-PD,coral_adapt,selective_error_at_0.5,0.003977163384437765
auditorium,101,EF-PD,coral_adapt,selective_error_at_0.8,0.018863385787310838
auditorium,101,EF-PD,coral_adapt,selective_error_at_1,0.10544124957903689
auditorium,101,EF-PD,coral_adapt,parameters,12354.0
auditorium,101,EF-PD,coral_adapt,train_seconds,18.13754589999735
auditorium,101,EF-PD,coral_adapt,epochs,12.0
auditorium,101,EF-PD,coral_adapt,inference_ms_per_observation,0.00031220392256455485
auditorium,101,RO-PDRF-NOQ,source_norm,accuracy,0.95910643552448
auditorium,101,RO-PDRF-NOQ,source_norm,macro_f1,0.7947310232818114
auditorium,101,RO-PDRF-NOQ,source_norm,macro_auroc,0.9840642634272652
auditorium,101,RO-PDRF-NOQ,source_norm,macro_auprc,0.808824280767013
auditorium,101,RO-PDRF-NOQ,source_norm,nll,0.15898047686542913
auditorium,101,RO-PDRF-NOQ,source_norm,class_1_precision,0.9976699632371977
auditorium,101,RO-PDRF-NOQ,source_norm,class_1_recall,0.9598963782194988
auditorium,101,RO-PDRF-NOQ,source_norm,class_1_f1,0.9784187274666125
auditorium,101,RO-PDRF-NOQ,source_norm,class_1_auroc,0.9840642576019419
auditorium,101,RO-PDRF-NOQ,source_norm,class_1_auprc,0.9994200556813941
auditorium,101,RO-PDRF-NOQ,source_norm,class_2_precision,0.45337256677229515
auditorium,101,RO-PDRF-NOQ,source_norm,class_2_recall,0.9368568755846586
auditorium,101,RO-PDRF-NOQ,source_norm,class_2_f1,0.6110433190970104
auditorium,101,RO-PDRF-NOQ,source_norm,class_2_auroc,0.9840642692525883
auditorium,101,RO-PDRF-NOQ,source_norm,class_2_auprc,0.6182285058526318
auditorium,101,RO-PDRF-NOQ,source_norm,brier,0.07060479730484899
auditorium,101,RO-PDRF-NOQ,source_norm,ece15,0.02032894628483853
auditorium,101,RO-PDRF-NOQ,source_norm,reversed_auroc,0.015935730747411794
auditorium,101,RO-PDRF-NOQ,source_norm,recall_return_air_temperature_fault,0.9705882352941176
auditorium,101,RO-PDRF-NOQ,source_norm,recall_supply_air_temperature_fault,0.7920792079207921
auditorium,101,RO-PDRF-NOQ,source_norm,selective_error_at_0.5,0.0016999166078645045
auditorium,101,RO-PDRF-NOQ,source_norm,selective_error_at_0.8,0.015736193244462293
auditorium,101,RO-PDRF-NOQ,source_norm,selective_error_at_1,0.04089356447551995
auditorium,101,RO-PDRF-NOQ,source_norm,parameters,15055.0
auditorium,101,RO-PDRF-NOQ,source_norm,train_seconds,65.02644959998725
auditorium,101,RO-PDRF-NOQ,source_norm,epochs,12.0
auditorium,101,RO-PDRF-NOQ,source_norm,inference_ms_per_observation,0.000683139021910186
auditorium,101,RO-PDRF-NOQ,target_norm,accuracy,0.9287008675850346
auditorium,101,RO-PDRF-NOQ,target_norm,macro_f1,0.7157426691670117
auditorium,101,RO-PDRF-NOQ,target_norm,macro_auroc,0.9715228863510053
auditorium,101,RO-PDRF-NOQ,target_norm,macro_auprc,0.7670898193733148
auditorium,101,RO-PDRF-NOQ,target_norm,nll,0.19542589589791146
auditorium,101,RO-PDRF-NOQ,target_norm,class_1_precision,0.9969881128477482
auditorium,101,RO-PDRF-NOQ,target_norm,class_1_recall,0.9289759046148226
auditorium,101,RO-PDRF-NOQ,target_norm,class_1_f1,0.961781139860741
auditorium,101,RO-PDRF-NOQ,target_norm,class_1_auroc,0.9715228921763285
auditorium,101,RO-PDRF-NOQ,target_norm,class_1_auprc,0.9989279315864041
auditorium,101,RO-PDRF-NOQ,target_norm,class_2_precision,0.31524175472302274
auditorium,101,RO-PDRF-NOQ,target_norm,class_2_recall,0.9209541627689429
auditorium,101,RO-PDRF-NOQ,target_norm,class_2_f1,0.46970419847328243
auditorium,101,RO-PDRF-NOQ,target_norm,class_2_auroc,0.9715228805256821
auditorium,101,RO-PDRF-NOQ,target_norm,class_2_auprc,0.5352517071602254
auditorium,101,RO-PDRF-NOQ,target_norm,brier,0.10986992013427663
auditorium,101,RO-PDRF-NOQ,target_norm,ece15,0.015275308109796795
auditorium,101,RO-PDRF-NOQ,target_norm,reversed_auroc,0.028477119474317865
auditorium,101,RO-PDRF-NOQ,target_norm,recall_return_air_temperature_fault,0.9492502883506344
auditorium,101,RO-PDRF-NOQ,target_norm,recall_supply_air_temperature_fault,0.7995049504950495
auditorium,101,RO-PDRF-NOQ,target_norm,selective_error_at_0.5,0.011033421001988564
auditorium,101,RO-PDRF-NOQ,target_norm,selective_error_at_0.8,0.02219103939059841
auditorium,101,RO-PDRF-NOQ,target_norm,selective_error_at_1,0.07129913241496544
auditorium,101,RO-PDRF-NOQ,target_norm,parameters,15055.0
auditorium,101,RO-PDRF-NOQ,target_norm,train_seconds,65.02644959998725
auditorium,101,RO-PDRF-NOQ,target_norm,epochs,12.0
auditorium,101,RO-PDRF-NOQ,target_norm,inference_ms_per_observation,0.0005232997099311761
auditorium,101,RO-PDRF-NOQ,coral_adapt,accuracy,0.9297272158699104
auditorium,101,RO-PDRF-NOQ,coral_adapt,macro_f1,0.7177716645006413
auditorium,101,RO-PDRF-NOQ,coral_adapt,macro_auroc,0.9722489429795775
auditorium,101,RO-PDRF-NOQ,coral_adapt,macro_auprc,0.797291911086889
auditorium,101,RO-PDRF-NOQ,coral_adapt,nll,0.2169695712215261
auditorium,101,RO-PDRF-NOQ,coral_adapt,class_1_precision,0.9969738505082151
auditorium,101,RO-PDRF-NOQ,coral_adapt,class_1_recall,0.9300552981617097
auditorium,101,RO-PDRF-NOQ,coral_adapt,class_1_f1,0.9623526581669474
auditorium,101,RO-PDRF-NOQ,coral_adapt,class_1_auroc,0.9722489332707057
auditorium,101,RO-PDRF-NOQ,coral_adapt,class_1_auprc,0.9989277185819145
auditorium,101,RO-PDRF-NOQ,coral_adapt,class_2_precision,0.31844660194174756
auditorium,101,RO-PDRF-NOQ,coral_adapt,class_2_recall,0.9204864359214219
auditorium,101,RO-PDRF-NOQ,coral_adapt,class_2_f1,0.4731906708343352
auditorium,101,RO-PDRF-NOQ,coral_adapt,class_2_auroc,0.9722489526884495
auditorium,101,RO-PDRF-NOQ,coral_adapt,class_2_auprc,0.5956561035918634
auditorium,101,RO-PDRF-NOQ,coral_adapt,brier,0.11275928060868501
auditorium,101,RO-PDRF-NOQ,coral_adapt,ece15,0.02091988549192035
auditorium,101,RO-PDRF-NOQ,coral_adapt,reversed_auroc,0.027751043428001672
auditorium,101,RO-PDRF-NOQ,coral_adapt,recall_return_air_temperature_fault,0.9584775086505191
auditorium,101,RO-PDRF-NOQ,coral_adapt,recall_supply_air_temperature_fault,0.7574257425742574
auditorium,101,RO-PDRF-NOQ,coral_adapt,selective_error_at_0.5,0.017768939636923498
auditorium,101,RO-PDRF-NOQ,coral_adapt,selective_error_at_0.8,0.02878620827904177
auditorium,101,RO-PDRF-NOQ,coral_adapt,selective_error_at_1,0.07027278413008964
auditorium,101,RO-PDRF-NOQ,coral_adapt,parameters,15055.0
auditorium,101,RO-PDRF-NOQ,coral_adapt,train_seconds,65.02644959998725
auditorium,101,RO-PDRF-NOQ,coral_adapt,epochs,12.0
auditorium,101,RO-PDRF-NOQ,coral_adapt,inference_ms_per_observation,0.00046574081492348294
auditorium,101,GroupDRO-EF-PD,source_only,accuracy,0.9947399650400115
auditorium,101,GroupDRO-EF-PD,source_only,macro_f1,0.9624482891151421
auditorium,101,GroupDRO-EF-PD,source_only,macro_auroc,0.9996486786435
auditorium,101,GroupDRO-EF-PD,source_only,macro_auprc,0.9955389452518284
auditorium,101,GroupDRO-EF-PD,source_only,nll,0.012337797218359432
auditorium,101,GroupDRO-EF-PD,source_only,class_1_precision,0.9993996297716925
auditorium,101,GroupDRO-EF-PD,source_only,class_1_recall,0.9951510320662914
auditorium,101,GroupDRO-EF-PD,source_only,class_1_f1,0.9972708059443178
auditorium,101,GroupDRO-EF-PD,source_only,class_1_auroc,0.9996486786435
auditorium,101,GroupDRO-EF-PD,source_only,class_1_auprc,0.9999875125960946
auditorium,101,GroupDRO-EF-PD,source_only,class_2_precision,0.8780284043441938
auditorium,101,GroupDRO-EF-PD,source_only,class_2_recall,0.9831618334892422
auditorium,101,GroupDRO-EF-PD,source_only,class_2_f1,0.9276257722859664
auditorium,101,GroupDRO-EF-PD,source_only,class_2_auroc,0.9996486786435
auditorium,101,GroupDRO-EF-PD,source_only,class_2_auprc,0.991090377907562
auditorium,101,GroupDRO-EF-PD,source_only,brier,0.007536212050874187
auditorium,101,GroupDRO-EF-PD,source_only,ece15,0.0014990623706112917
auditorium,101,GroupDRO-EF-PD,source_only,reversed_auroc,0.0003513213564999757
auditorium,101,GroupDRO-EF-PD,source_only,recall_return_air_temperature_fault,0.9925028835063437
auditorium,101,GroupDRO-EF-PD,source_only,recall_supply_air_temperature_fault,0.943069306930693
auditorium,101,GroupDRO-EF-PD,source_only,selective_error_at_0.5,0.0
auditorium,101,GroupDRO-EF-PD,source_only,selective_error_at_0.8,0.0
auditorium,101,GroupDRO-EF-PD,source_only,selective_error_at_1,0.005260034959988502
auditorium,101,GroupDRO-EF-PD,source_only,train_seconds,21.78700349999417
auditorium,101,GroupDRO-EF-PD,source_only,parameters,12354.0
auditorium,101,GroupDRO-EF-PD,source_only,epochs,12.0
auditorium,101,GroupDRO-EF-PD,source_only,inference_ms_per_observation,0.00028386708774504597
auditorium,101,HGB-current,source_only,accuracy,0.9972737623682987
auditorium,101,HGB-current,source_only,macro_f1,0.9797446024828199
auditorium,101,HGB-current,source_only,macro_auroc,0.9983565986643295
auditorium,101,HGB-current,source_only,macro_auprc,0.9934463337084807
auditorium,101,HGB-current,source_only,nll,0.00984706451082092
auditorium,101,HGB-current,source_only,class_1_precision,0.9991853292766056
auditorium,101,HGB-current,source_only,class_1_recall,0.9979906673973331
auditorium,101,HGB-current,source_only,class_1_f1,0.9985876410281973
auditorium,101,HGB-current,source_only,class_1_auroc,0.9983565986643295
auditorium,101,HGB-current,source_only,class_1_auprc,0.9999373087192456
auditorium,101,HGB-current,source_only,class_2_precision,0.9452488687782805
auditorium,101,HGB-current,source_only,class_2_recall,0.9770813844714686
auditorium,101,HGB-current,source_only,class_2_f1,0.9609015639374425
auditorium,101,HGB-current,source_only,class_2_auroc,0.9983565986643296
auditorium,101,HGB-current,source_only,class_2_auprc,0.9869553586977158
auditorium,101,HGB-current,source_only,brier,0.004366012940857336
auditorium,101,HGB-current,source_only,ece15,0.00045825656961445243
auditorium,101,HGB-current,source_only,reversed_auroc,0.0016434013356704886
auditorium,101,HGB-current,source_only,recall_return_air_temperature_fault,0.9792387543252595
auditorium,101,HGB-current,source_only,recall_supply_air_temperature_fault,0.9678217821782178
auditorium,101,HGB-current,source_only,selective_error_at_0.5,0.0
auditorium,101,HGB-current,source_only,selective_error_at_0.8,8.01844241755667e-05
auditorium,101,HGB-current,source_only,selective_error_at_1,0.0027262376317013226
auditorium,101,HGB-current,source_only,train_seconds,3.1293268999870634
auditorium,101,HGB-current,source_only,parameters,
auditorium,101,HGB-current,source_only,epochs,
auditorium,101,HGB-current,source_only,inference_ms_per_observation,
auditorium,102,EF-PD,source_norm,accuracy,0.9962955241592765
auditorium,102,EF-PD,source_norm,macro_f1,0.9731947531118894
auditorium,102,EF-PD,source_norm,macro_auroc,0.9998299860016708
auditorium,102,EF-PD,source_norm,macro_auprc,0.997896999382015
auditorium,102,EF-PD,source_norm,nll,0.008734347853433525
auditorium,102,EF-PD,source_norm,class_1_precision,0.9996834704961184
auditorium,102,EF-PD,source_norm,class_1_recall,0.996479516431691
auditorium,102,EF-PD,source_norm,class_1_f1,0.9980789222005073
auditorium,102,EF-PD,source_norm,class_1_auroc,0.9998299860016708
auditorium,102,EF-PD,source_norm,class_1_auprc,0.9999939385450924
auditorium,102,EF-PD,source_norm,class_2_precision,0.909051909051909
auditorium,102,EF-PD,source_norm,class_2_recall,0.9911131898971001
auditorium,102,EF-PD,source_norm,class_2_f1,0.9483105840232714
auditorium,102,EF-PD,source_norm,class_2_auroc,0.9998299860016707
auditorium,102,EF-PD,source_norm,class_2_auprc,0.9958000602189376
auditorium,102,EF-PD,source_norm,brier,0.005230500408813413
auditorium,102,EF-PD,source_norm,ece15,0.0007366157930416587
auditorium,102,EF-PD,source_norm,reversed_auroc,0.00017001399832924742
auditorium,102,EF-PD,source_norm,recall_return_air_temperature_fault,0.994232987312572
auditorium,102,EF-PD,source_norm,recall_supply_air_temperature_fault,0.9777227722772277
auditorium,102,EF-PD,source_norm,selective_error_at_0.5,0.0
auditorium,102,EF-PD,source_norm,selective_error_at_0.8,0.0
auditorium,102,EF-PD,source_norm,selective_error_at_1,0.003704475840723531
auditorium,102,EF-PD,source_norm,parameters,12354.0
auditorium,102,EF-PD,source_norm,train_seconds,18.02147100000002
auditorium,102,EF-PD,source_norm,epochs,12.0
auditorium,102,EF-PD,source_norm,inference_ms_per_observation,0.00026640794129304776
auditorium,102,EF-PD,target_norm,accuracy,0.8549641579934891
auditorium,102,EF-PD,target_norm,macro_f1,0.6196141149234836
auditorium,102,EF-PD,target_norm,macro_auroc,0.9951694031937778
auditorium,102,EF-PD,target_norm,macro_auprc,0.9479955758017826
auditorium,102,EF-PD,target_norm,nll,0.4223152098048661
auditorium,102,EF-PD,target_norm,class_1_precision,0.9998827827378045
auditorium,102,EF-PD,target_norm,class_1_recall,0.8499144788189774
auditorium,102,EF-PD,target_norm,class_1_f1,0.9188194531712834
auditorium,102,EF-PD,target_norm,class_1_auroc,0.9951694012520035
auditorium,102,EF-PD,target_norm,class_1_auprc,0.9998261572141359
auditorium,102,EF-PD,target_norm,class_2_precision,0.19086839749328557
auditorium,102,EF-PD,target_norm,class_2_recall,0.9971936389148737
auditorium,102,EF-PD,target_norm,class_2_f1,0.3204087766756838
auditorium,102,EF-PD,target_norm,class_2_auroc,0.9951694051355521
auditorium,102,EF-PD,target_norm,class_2_auprc,0.8961649943894294
auditorium,102,EF-PD,target_norm,brier,0.21569293992794034
auditorium,102,EF-PD,target_norm,ece15,0.09478305345995741
auditorium,102,EF-PD,target_norm,reversed_auroc,0.004830594864447915
auditorium,102,EF-PD,target_norm,recall_return_air_temperature_fault,0.9965397923875432
auditorium,102,EF-PD,target_norm,recall_supply_air_temperature_fault,1.0
auditorium,102,EF-PD,target_norm,selective_error_at_0.5,0.00253383796266593
auditorium,102,EF-PD,target_norm,selective_error_at_0.8,0.05847449133005911
auditorium,102,EF-PD,target_norm,selective_error_at_1,0.14503584200651087
auditorium,102,EF-PD,target_norm,parameters,12354.0
auditorium,102,EF-PD,target_norm,train_seconds,18.02147100000002
auditorium,102,EF-PD,target_norm,epochs,12.0
auditorium,102,EF-PD,target_norm,inference_ms_per_observation,0.0002402136087301286
auditorium,102,EF-PD,coral_adapt,accuracy,0.8742883717946662
auditorium,102,EF-PD,coral_adapt,macro_f1,0.6387356420240143
auditorium,102,EF-PD,coral_adapt,macro_auroc,0.9853075194312197
auditorium,102,EF-PD,coral_adapt,macro_auprc,0.8739133059768807
auditorium,102,EF-PD,coral_adapt,nll,0.4334904784266001
auditorium,102,EF-PD,coral_adapt,class_1_precision,0.9989521813678796
auditorium,102,EF-PD,coral_adapt,class_1_recall,0.8707384712466165
auditorium,102,EF-PD,coral_adapt,class_1_f1,0.9304492099122519
auditorium,102,EF-PD,coral_adapt,class_1_auroc,0.9853075446742867
auditorium,102,EF-PD,coral_adapt,class_1_auprc,0.9994503290352775
auditorium,102,EF-PD,coral_adapt,class_2_precision,0.2111077328468633
auditorium,102,EF-PD,coral_adapt,class_2_recall,0.9742750233863424
auditorium,102,EF-PD,coral_adapt,class_2_f1,0.34702207413577674
auditorium,102,EF-PD,coral_adapt,class_2_auroc,0.9853074941881528
auditorium,102,EF-PD,coral_adapt,class_2_auprc,0.7483762829184839
auditorium,102,EF-PD,coral_adapt,brier,0.2053548250963565
auditorium,102,EF-PD,coral_adapt,ece15,0.09723009050933354
auditorium,102,EF-PD,coral_adapt,reversed_auroc,0.01469251746249358
auditorium,102,EF-PD,coral_adapt,recall_return_air_temperature_fault,0.9711649365628604
auditorium,102,EF-PD,coral_adapt,recall_supply_air_temperature_fault,0.9876237623762376
auditorium,102,EF-PD,coral_adapt,selective_error_at_0.5,0.004779010840977649
auditorium,102,EF-PD,coral_adapt,selective_error_at_0.8,0.029648190838929556
auditorium,102,EF-PD,coral_adapt,selective_error_at_1,0.12571162820533377
auditorium,102,EF-PD,coral_adapt,parameters,12354.0
auditorium,102,EF-PD,coral_adapt,train_seconds,18.02147100000002
auditorium,102,EF-PD,coral_adapt,epochs,12.0
auditorium,102,EF-PD,coral_adapt,inference_ms_per_observation,0.00023016020653794973
auditorium,102,RO-PDRF-NOQ,source_norm,accuracy,0.9600686370415511
auditorium,102,RO-PDRF-NOQ,source_norm,macro_f1,0.7975765964382246
auditorium,102,RO-PDRF-NOQ,source_norm,macro_auroc,0.9836364691700363
auditorium,102,RO-PDRF-NOQ,source_norm,macro_auprc,0.8094765181129049
auditorium,102,RO-PDRF-NOQ,source_norm,nll,0.16324453907514969
auditorium,102,RO-PDRF-NOQ,source_norm,class_1_precision,0.9976037374799593
auditorium,102,RO-PDRF-NOQ,source_norm,class_1_recall,0.9609591657118185
auditorium,102,RO-PDRF-NOQ,source_norm,class_1_f1,0.9789386429381016
auditorium,102,RO-PDRF-NOQ,source_norm,class_1_auroc,0.9836364614029387
auditorium,102,RO-PDRF-NOQ,source_norm,class_1_auprc,0.9994010435161422
auditorium,102,RO-PDRF-NOQ,source_norm,class_2_precision,0.4595402298850575
auditorium,102,RO-PDRF-NOQ,source_norm,class_2_recall,0.9349859681945744
auditorium,102,RO-PDRF-NOQ,source_norm,class_2_f1,0.6162145499383477
auditorium,102,RO-PDRF-NOQ,source_norm,class_2_auroc,0.983636476937134
auditorium,102,RO-PDRF-NOQ,source_norm,class_2_auprc,0.6195519927096674
auditorium,102,RO-PDRF-NOQ,source_norm,brier,0.07088693680546677
auditorium,102,RO-PDRF-NOQ,source_norm,ece15,0.025451091250528753
auditorium,102,RO-PDRF-NOQ,source_norm,reversed_auroc,0.016363499761573405
auditorium,102,RO-PDRF-NOQ,source_norm,recall_return_air_temperature_fault,0.9717416378316033
auditorium,102,RO-PDRF-NOQ,source_norm,recall_supply_air_temperature_fault,0.7772277227722773
auditorium,102,RO-PDRF-NOQ,source_norm,selective_error_at_0.5,0.00032073898261597567
auditorium,102,RO-PDRF-NOQ,source_norm,selective_error_at_0.8,0.01513481006314521
auditorium,102,RO-PDRF-NOQ,source_norm,selective_error_at_1,0.0399313629584489
auditorium,102,RO-PDRF-NOQ,source_norm,parameters,15055.0
auditorium,102,RO-PDRF-NOQ,source_norm,train_seconds,61.73720489999687
auditorium,102,RO-PDRF-NOQ,source_norm,epochs,12.0
auditorium,102,RO-PDRF-NOQ,source_norm,inference_ms_per_observation,0.0006839905704360594
auditorium,102,RO-PDRF-NOQ,target_norm,accuracy,0.9216126497426111
auditorium,102,RO-PDRF-NOQ,target_norm,macro_f1,0.6981424094398556
auditorium,102,RO-PDRF-NOQ,target_norm,macro_auroc,0.9626844905089251
auditorium,102,RO-PDRF-NOQ,target_norm,macro_auprc,0.7821296849012737
auditorium,102,RO-PDRF-NOQ,target_norm,nll,0.18590589416934028
auditorium,102,RO-PDRF-NOQ,target_norm,class_1_precision,0.9958774712767292
auditorium,102,RO-PDRF-NOQ,target_norm,class_1_recall,0.9226489978246069
auditorium,102,RO-PDRF-NOQ,target_norm,class_1_f1,0.9578657012326524
auditorium,102,RO-PDRF-NOQ,target_norm,class_1_auroc,0.9626844866253764
auditorium,102,RO-PDRF-NOQ,target_norm,class_1_auprc,0.9984556285612747
auditorium,102,RO-PDRF-NOQ,target_norm,class_2_precision,0.29058787694182153
auditorium,102,RO-PDRF-NOQ,target_norm,class_2_recall,0.892422825070159
auditorium,102,RO-PDRF-NOQ,target_norm,class_2_f1,0.4384191176470588
auditorium,102,RO-PDRF-NOQ,target_norm,class_2_auroc,0.9626844943924739
auditorium,102,RO-PDRF-NOQ,target_norm,class_2_auprc,0.5658037412412726
auditorium,102,RO-PDRF-NOQ,target_norm,brier,0.11080031657041241
auditorium,102,RO-PDRF-NOQ,target_norm,ece15,0.01756890085407744
auditorium,102,RO-PDRF-NOQ,target_norm,reversed_auroc,0.03731550560752599
auditorium,102,RO-PDRF-NOQ,target_norm,recall_return_air_temperature_fault,0.919838523644752
auditorium,102,RO-PDRF-NOQ,target_norm,recall_supply_air_temperature_fault,0.7747524752475248
auditorium,102,RO-PDRF-NOQ,target_norm,selective_error_at_0.5,0.007184553210597189
auditorium,102,RO-PDRF-NOQ,target_norm,selective_error_at_0.8,0.017480204470281646
auditorium,102,RO-PDRF-NOQ,target_norm,selective_error_at_1,0.07838735025738885
auditorium,102,RO-PDRF-NOQ,target_norm,parameters,15055.0
auditorium,102,RO-PDRF-NOQ,target_norm,train_seconds,61.73720489999687
auditorium,102,RO-PDRF-NOQ,target_norm,epochs,12.0
auditorium,102,RO-PDRF-NOQ,target_norm,inference_ms_per_observation,0.00041590839835657726
auditorium,102,RO-PDRF-NOQ,coral_adapt,accuracy,0.9180043940535946
auditorium,102,RO-PDRF-NOQ,coral_adapt,macro_f1,0.6943834715424104
auditorium,102,RO-PDRF-NOQ,coral_adapt,macro_auroc,0.9614335625543631
auditorium,102,RO-PDRF-NOQ,coral_adapt,macro_auprc,0.7721840024126574
auditorium,102,RO-PDRF-NOQ,coral_adapt,nll,0.27089014715897525
auditorium,102,RO-PDRF-NOQ,coral_adapt,class_1_precision,0.9966473196582429
auditorium,102,RO-PDRF-NOQ,coral_adapt,class_1_recall,0.9181819691459506
auditorium,102,RO-PDRF-NOQ,coral_adapt,class_1_f1,0.9558069785733424
auditorium,102,RO-PDRF-NOQ,coral_adapt,class_1_auroc,0.9614335683796862
auditorium,102,RO-PDRF-NOQ,coral_adapt,class_1_auprc,0.9983887209159158
auditorium,102,RO-PDRF-NOQ,coral_adapt,class_2_precision,0.28376217473469983
auditorium,102,RO-PDRF-NOQ,coral_adapt,class_2_recall,0.9130028063610851
auditorium,102,RO-PDRF-NOQ,coral_adapt,class_2_f1,0.43295996451147833
auditorium,102,RO-PDRF-NOQ,coral_adapt,class_2_auroc,0.9614335567290399
auditorium,102,RO-PDRF-NOQ,coral_adapt,class_2_auprc,0.5459792839093991
auditorium,102,RO-PDRF-NOQ,coral_adapt,brier,0.13630701638555956
auditorium,102,RO-PDRF-NOQ,coral_adapt,ece15,0.030190752434535964
auditorium,102,RO-PDRF-NOQ,coral_adapt,reversed_auroc,0.03856645103805783
auditorium,102,RO-PDRF-NOQ,coral_adapt,recall_return_air_temperature_fault,0.9521337946943483
auditorium,102,RO-PDRF-NOQ,coral_adapt,recall_supply_air_temperature_fault,0.745049504950495
auditorium,102,RO-PDRF-NOQ,coral_adapt,selective_error_at_0.5,0.030021168772852658
auditorium,102,RO-PDRF-NOQ,coral_adapt,selective_error_at_0.8,0.04528415355317228
auditorium,102,RO-PDRF-NOQ,coral_adapt,selective_error_at_1,0.08199560594640543
auditorium,102,RO-PDRF-NOQ,coral_adapt,parameters,15055.0
auditorium,102,RO-PDRF-NOQ,coral_adapt,train_seconds,61.73720489999687
auditorium,102,RO-PDRF-NOQ,coral_adapt,epochs,12.0
auditorium,102,RO-PDRF-NOQ,coral_adapt,inference_ms_per_observation,0.00044845005385231776
auditorium,102,GroupDRO-EF-PD,source_only,accuracy,0.9965681479224465
auditorium,102,GroupDRO-EF-PD,source_only,macro_f1,0.9752367830345787
auditorium,102,GroupDRO-EF-PD,source_only,macro_auroc,0.9999078744559284
auditorium,102,GroupDRO-EF-PD,source_only,macro_auprc,0.9989417044280486
auditorium,102,GroupDRO-EF-PD,source_only,nll,0.008694069460931379
auditorium,102,GroupDRO-EF-PD,source_only,class_1_precision,0.9999333477746488
auditorium,102,GroupDRO-EF-PD,source_only,class_1_recall,0.996512728540826
auditorium,102,GroupDRO-EF-PD,source_only,class_1_f1,0.9982201077916029
auditorium,102,GroupDRO-EF-PD,source_only,class_1_auroc,0.9999078744559285
auditorium,102,GroupDRO-EF-PD,source_only,class_1_auprc,0.9999967064980277
auditorium,102,GroupDRO-EF-PD,source_only,class_2_precision,0.9104095563139932
auditorium,102,GroupDRO-EF-PD,source_only,class_2_recall,0.9981290926099158
auditorium,102,GroupDRO-EF-PD,source_only,class_2_f1,0.9522534582775547
auditorium,102,GroupDRO-EF-PD,source_only,class_2_auroc,0.9999078744559284
auditorium,102,GroupDRO-EF-PD,source_only,class_2_auprc,0.9978867023580695
auditorium,102,GroupDRO-EF-PD,source_only,brier,0.005235846199992625
auditorium,102,GroupDRO-EF-PD,source_only,ece15,0.0008674095349783044
auditorium,102,GroupDRO-EF-PD,source_only,reversed_auroc,9.212554407159769e-05
auditorium,102,GroupDRO-EF-PD,source_only,recall_return_air_temperature_fault,0.9982698961937716
auditorium,102,GroupDRO-EF-PD,source_only,recall_supply_air_temperature_fault,0.9975247524752475
auditorium,102,GroupDRO-EF-PD,source_only,selective_error_at_0.5,0.0
auditorium,102,GroupDRO-EF-PD,source_only,selective_error_at_0.8,0.0
auditorium,102,GroupDRO-EF-PD,source_only,selective_error_at_1,0.0034318520775534767
auditorium,102,GroupDRO-EF-PD,source_only,train_seconds,20.438049700009287
auditorium,102,GroupDRO-EF-PD,source_only,parameters,12354.0
auditorium,102,GroupDRO-EF-PD,source_only,epochs,12.0
auditorium,102,GroupDRO-EF-PD,source_only,inference_ms_per_observation,0.00023311576896666288
auditorium,102,HGB-current,source_only,accuracy,0.9974662026717129
auditorium,102,HGB-current,source_only,macro_f1,0.9810398577495237
auditorium,102,HGB-current,source_only,macro_auroc,0.9981033524486265
auditorium,102,HGB-current,source_only,macro_auprc,0.9925585504967858
auditorium,102,HGB-current,source_only,nll,0.010448382838173682
auditorium,102,HGB-current,source_only,class_1_precision,0.9990195915518703
auditorium,102,HGB-current,source_only,class_1_recall,0.9983560005978179
auditorium,102,HGB-current,source_only,class_1_f1,0.9986876858419576
auditorium,102,HGB-current,source_only,class_1_auroc,0.9981033524486264
auditorium,102,HGB-current,source_only,class_1_auprc,0.999927528529753
auditorium,102,HGB-current,source_only,class_2_precision,0.9545454545454546
auditorium,102,HGB-current,source_only,class_2_recall,0.9724041159962582
auditorium,102,HGB-current,source_only,class_2_f1,0.9633920296570899
auditorium,102,HGB-current,source_only,class_2_auroc,0.9981033524486266
auditorium,102,HGB-current,source_only,class_2_auprc,0.9851895724638184
auditorium,102,HGB-current,source_only,brier,0.004533499949260494
auditorium,102,HGB-current,source_only,ece15,0.001486717133206505
auditorium,102,HGB-current,source_only,reversed_auroc,0.0018966475513735692
auditorium,102,HGB-current,source_only,recall_return_air_temperature_fault,0.9775086505190311
auditorium,102,HGB-current,source_only,recall_supply_air_temperature_fault,0.9504950495049505
auditorium,102,HGB-current,source_only,selective_error_at_0.5,0.0
auditorium,102,HGB-current,source_only,selective_error_at_0.8,0.00012027663626346108
auditorium,102,HGB-current,source_only,selective_error_at_1,0.0025337973282870685
auditorium,102,HGB-current,source_only,train_seconds,1.8675038999936078
auditorium,102,HGB-current,source_only,parameters,
auditorium,102,HGB-current,source_only,epochs,
auditorium,102,HGB-current,source_only,inference_ms_per_observation,
auditorium,103,EF-PD,source_norm,accuracy,0.9963115608512276
auditorium,103,EF-PD,source_norm,macro_f1,0.9729551749813535
auditorium,103,EF-PD,source_norm,macro_auroc,0.9997566665425485
auditorium,103,EF-PD,source_norm,macro_auprc,0.9969377632576679
auditorium,103,EF-PD,source_norm,nll,0.00836720624765691
auditorium,103,EF-PD,source_norm,class_1_precision,0.9991845157854444
auditorium,103,EF-PD,source_norm,class_1_recall,0.9969943041232834
auditorium,103,EF-PD,source_norm,class_1_f1,0.9980882084019085
auditorium,103,EF-PD,source_norm,class_1_auroc,0.9997566684843229
auditorium,103,EF-PD,source_norm,class_1_auprc,0.9999913381808005
auditorium,103,EF-PD,source_norm,class_2_precision,0.9202643171806167
auditorium,103,EF-PD,source_norm,class_2_recall,0.9770813844714686
auditorium,103,EF-PD,source_norm,class_2_f1,0.9478221415607986
auditorium,103,EF-PD,source_norm,class_2_auroc,0.9997566646007741
auditorium,103,EF-PD,source_norm,class_2_auprc,0.9938841883345353
auditorium,103,EF-PD,source_norm,brier,0.005183108746562512
auditorium,103,EF-PD,source_norm,ece15,0.001102463441106321
auditorium,103,EF-PD,source_norm,reversed_auroc,0.00024333151567716485
auditorium,103,EF-PD,source_norm,recall_return_air_temperature_fault,0.9792387543252595
auditorium,103,EF-PD,source_norm,recall_supply_air_temperature_fault,0.9678217821782178
auditorium,103,EF-PD,source_norm,selective_error_at_0.5,0.0
auditorium,103,EF-PD,source_norm,selective_error_at_0.8,0.0
auditorium,103,EF-PD,source_norm,selective_error_at_1,0.003688439148772371
auditorium,103,EF-PD,source_norm,parameters,12354.0
auditorium,103,EF-PD,source_norm,train_seconds,17.09593369999493
auditorium,103,EF-PD,source_norm,epochs,12.0
auditorium,103,EF-PD,source_norm,inference_ms_per_observation,0.00020810815130978315
auditorium,103,EF-PD,target_norm,accuracy,0.8250717641964815
auditorium,103,EF-PD,target_norm,macro_f1,0.5907328922561417
auditorium,103,EF-PD,target_norm,macro_auroc,0.9954465856623635
auditorium,103,EF-PD,target_norm,macro_auprc,0.9587579044929635
auditorium,103,EF-PD,target_norm,nll,0.49044958042538706
auditorium,103,EF-PD,target_norm,class_1_precision,0.9998783528982422
auditorium,103,EF-PD,target_norm,class_1_recall,0.8189607931051661
auditorium,103,EF-PD,target_norm,class_1_f1,0.9004217560387796
auditorium,103,EF-PD,target_norm,class_1_auroc,0.9954466011965587
auditorium,103,EF-PD,target_norm,class_1_auprc,0.9998326953119263
auditorium,103,EF-PD,target_norm,class_2_precision,0.16357219579561147
auditorium,103,EF-PD,target_norm,class_2_recall,0.9971936389148737
auditorium,103,EF-PD,target_norm,class_2_f1,0.28104402847350385
auditorium,103,EF-PD,target_norm,class_2_auroc,0.9954465701281685
auditorium,103,EF-PD,target_norm,class_2_auprc,0.9176831136740007
auditorium,103,EF-PD,target_norm,brier,0.2673646040285947
auditorium,103,EF-PD,target_norm,ece15,0.12574676237382068
auditorium,103,EF-PD,target_norm,reversed_auroc,0.004553429871831551
auditorium,103,EF-PD,target_norm,recall_return_air_temperature_fault,0.9965397923875432
auditorium,103,EF-PD,target_norm,recall_supply_air_temperature_fault,1.0
auditorium,103,EF-PD,target_norm,selective_error_at_0.5,0.0022772467765732607
auditorium,103,EF-PD,target_norm,selective_error_at_0.8,0.07707727773879924
auditorium,103,EF-PD,target_norm,selective_error_at_1,0.17492823580351846
auditorium,103,EF-PD,target_norm,parameters,12354.0
auditorium,103,EF-PD,target_norm,train_seconds,17.09593369999493
auditorium,103,EF-PD,target_norm,epochs,12.0
auditorium,103,EF-PD,target_norm,inference_ms_per_observation,0.00020283207985530353
auditorium,103,EF-PD,coral_adapt,accuracy,0.8635598248793239
auditorium,103,EF-PD,coral_adapt,macro_f1,0.6266970649513474
auditorium,103,EF-PD,coral_adapt,macro_auroc,0.9761998422005392
auditorium,103,EF-PD,coral_adapt,macro_auprc,0.7730926942876681
auditorium,103,EF-PD,coral_adapt,nll,0.551116885796581
auditorium,103,EF-PD,coral_adapt,class_1_precision,0.9990542183790461
auditorium,103,EF-PD,coral_adapt,class_1_recall,0.8595293844135572
auditorium,103,EF-PD,coral_adapt,class_1_f1,0.9240547006105616
auditorium,103,EF-PD,coral_adapt,class_1_auroc,0.976199846084088
auditorium,103,EF-PD,coral_adapt,class_1_auprc,0.9991044668063094
auditorium,103,EF-PD,coral_adapt,class_2_precision,0.19804702313234737
auditorium,103,EF-PD,coral_adapt,class_2_recall,0.9770813844714686
auditorium,103,EF-PD,coral_adapt,class_2_f1,0.32933942929213306
auditorium,103,EF-PD,coral_adapt,class_2_auroc,0.9761998383169904
auditorium,103,EF-PD,coral_adapt,class_2_auprc,0.5470809217690269
auditorium,103,EF-PD,coral_adapt,brier,0.23597691122643727
auditorium,103,EF-PD,coral_adapt,ece15,0.11173490097262855
auditorium,103,EF-PD,coral_adapt,reversed_auroc,0.023800142265265608
auditorium,103,EF-PD,coral_adapt,recall_return_air_temperature_fault,0.9740484429065744
auditorium,103,EF-PD,coral_adapt,recall_supply_air_temperature_fault,0.9900990099009901
auditorium,103,EF-PD,coral_adapt,selective_error_at_0.5,0.009141061004554474
auditorium,103,EF-PD,coral_adapt,selective_error_at_0.8,0.05266112057732786
auditorium,103,EF-PD,coral_adapt,selective_error_at_1,0.13644017512067608
auditorium,103,EF-PD,coral_adapt,parameters,12354.0
auditorium,103,EF-PD,coral_adapt,train_seconds,17.09593369999493
auditorium,103,EF-PD,coral_adapt,epochs,12.0
auditorium,103,EF-PD,coral_adapt,inference_ms_per_observation,0.00020299565395855325
auditorium,103,RO-PDRF-NOQ,source_norm,accuracy,0.9584649678464326
auditorium,103,RO-PDRF-NOQ,source_norm,macro_f1,0.7934737198123883
auditorium,103,RO-PDRF-NOQ,source_norm,macro_auroc,0.9841961623361292
auditorium,103,RO-PDRF-NOQ,source_norm,macro_auprc,0.802953457549743
auditorium,103,RO-PDRF-NOQ,source_norm,nll,0.16787986507588604
auditorium,103,RO-PDRF-NOQ,source_norm,class_1_precision,0.9978919357904377
auditorium,103,RO-PDRF-NOQ,source_norm,class_1_recall,0.9590162573274216
auditorium,103,RO-PDRF-NOQ,source_norm,class_1_f1,0.9780679470243538
auditorium,103,RO-PDRF-NOQ,source_norm,class_1_auroc,0.9841961739867755
auditorium,103,RO-PDRF-NOQ,source_norm,class_1_auprc,0.9994254820993688
auditorium,103,RO-PDRF-NOQ,source_norm,class_2_precision,0.4495985727029438
auditorium,103,RO-PDRF-NOQ,source_norm,class_2_recall,0.9429373246024322
auditorium,103,RO-PDRF-NOQ,source_norm,class_2_f1,0.6088794926004228
auditorium,103,RO-PDRF-NOQ,source_norm,class_2_auroc,0.9841961506854828
auditorium,103,RO-PDRF-NOQ,source_norm,class_2_auprc,0.6064814330001174
auditorium,103,RO-PDRF-NOQ,source_norm,brier,0.07351760648991894
auditorium,103,RO-PDRF-NOQ,source_norm,ece15,0.02257136390553954
auditorium,103,RO-PDRF-NOQ,source_norm,reversed_auroc,0.015803837663870807
auditorium,103,RO-PDRF-NOQ,source_norm,recall_return_air_temperature_fault,0.9734717416378316
auditorium,103,RO-PDRF-NOQ,source_norm,recall_supply_air_temperature_fault,0.8118811881188119
auditorium,103,RO-PDRF-NOQ,source_norm,selective_error_at_0.5,0.001924433895695632
auditorium,103,RO-PDRF-NOQ,source_norm,selective_error_at_0.8,0.018282048712037646
auditorium,103,RO-PDRF-NOQ,source_norm,selective_error_at_1,0.04153503215356735
auditorium,103,RO-PDRF-NOQ,source_norm,parameters,15055.0
auditorium,103,RO-PDRF-NOQ,source_norm,train_seconds,64.18090459999803
auditorium,103,RO-PDRF-NOQ,source_norm,epochs,12.0
auditorium,103,RO-PDRF-NOQ,source_norm,inference_ms_per_observation,0.0006999021759992584
auditorium,103,RO-PDRF-NOQ,target_norm,accuracy,0.9089917731770291
auditorium,103,RO-PDRF-NOQ,target_norm,macro_f1,0.6763438114191945
auditorium,103,RO-PDRF-NOQ,target_norm,macro_auroc,0.9517258013085416
auditorium,103,RO-PDRF-NOQ,target_norm,macro_auprc,0.7210134032276836
auditorium,103,RO-PDRF-NOQ,target_norm,nll,0.22192044606641412
auditorium,103,RO-PDRF-NOQ,target_norm,class_1_precision,0.9958004581318401
auditorium,103,RO-PDRF-NOQ,target_norm,class_1_recall,0.9095966389345556
auditorium,103,RO-PDRF-NOQ,target_norm,class_1_f1,0.9507485354740725
auditorium,103,RO-PDRF-NOQ,target_norm,class_1_auroc,0.9517257915996696
auditorium,103,RO-PDRF-NOQ,target_norm,class_1_auprc,0.9979787113213834
auditorium,103,RO-PDRF-NOQ,target_norm,class_2_precision,0.2594204870085703
auditorium,103,RO-PDRF-NOQ,target_norm,class_2_recall,0.891955098222638
auditorium,103,RO-PDRF-NOQ,target_norm,class_2_f1,0.40193908736431655
auditorium,103,RO-PDRF-NOQ,target_norm,class_2_auroc,0.9517258110174135
auditorium,103,RO-PDRF-NOQ,target_norm,class_2_auprc,0.4440480951339838
auditorium,103,RO-PDRF-NOQ,target_norm,brier,0.12966169167063632
auditorium,103,RO-PDRF-NOQ,target_norm,ece15,0.019723318892981092
auditorium,103,RO-PDRF-NOQ,target_norm,reversed_auroc,0.04827419674968404
auditorium,103,RO-PDRF-NOQ,target_norm,recall_return_air_temperature_fault,0.9296424452133795
auditorium,103,RO-PDRF-NOQ,target_norm,recall_supply_air_temperature_fault,0.7301980198019802
auditorium,103,RO-PDRF-NOQ,target_norm,selective_error_at_0.5,0.01642183590993651
auditorium,103,RO-PDRF-NOQ,target_norm,selective_error_at_0.8,0.02800441014332966
auditorium,103,RO-PDRF-NOQ,target_norm,selective_error_at_1,0.09100822682297094
auditorium,103,RO-PDRF-NOQ,target_norm,parameters,15055.0
auditorium,103,RO-PDRF-NOQ,target_norm,train_seconds,64.18090459999803
auditorium,103,RO-PDRF-NOQ,target_norm,epochs,12.0
auditorium,103,RO-PDRF-NOQ,target_norm,inference_ms_per_observation,0.0006506294400425704
auditorium,103,RO-PDRF-NOQ,coral_adapt,accuracy,0.906810783071668
auditorium,103,RO-PDRF-NOQ,coral_adapt,macro_f1,0.6738774638121678
auditorium,103,RO-PDRF-NOQ,coral_adapt,macro_auroc,0.9496650446947532
auditorium,103,RO-PDRF-NOQ,coral_adapt,macro_auprc,0.729676323300688
auditorium,103,RO-PDRF-NOQ,coral_adapt,nll,0.3031951136571127
auditorium,103,RO-PDRF-NOQ,coral_adapt,class_1_precision,0.9960793610270251
auditorium,103,RO-PDRF-NOQ,coral_adapt,class_1_recall,0.9070725186402963
auditorium,103,RO-PDRF-NOQ,coral_adapt,class_1_f1,0.9494945983295237
auditorium,103,RO-PDRF-NOQ,coral_adapt,class_1_auroc,0.9496650524618508
auditorium,103,RO-PDRF-NOQ,coral_adapt,class_1_auprc,0.997860439157076
auditorium,103,RO-PDRF-NOQ,coral_adapt,class_2_precision,0.2557520946934433
auditorium,103,RO-PDRF-NOQ,coral_adapt,class_2_recall,0.8994387277829747
auditorium,103,RO-PDRF-NOQ,coral_adapt,class_2_f1,0.39826032929481203
auditorium,103,RO-PDRF-NOQ,coral_adapt,class_2_auroc,0.9496650369276556
auditorium,103,RO-PDRF-NOQ,coral_adapt,class_2_auprc,0.46149220744429986
auditorium,103,RO-PDRF-NOQ,coral_adapt,brier,0.15785071197043055
auditorium,103,RO-PDRF-NOQ,coral_adapt,ece15,0.03475876377310101
auditorium,103,RO-PDRF-NOQ,coral_adapt,reversed_auroc,0.05033496307234441
auditorium,103,RO-PDRF-NOQ,coral_adapt,recall_return_air_temperature_fault,0.9498269896193772
auditorium,103,RO-PDRF-NOQ,coral_adapt,recall_supply_air_temperature_fault,0.6831683168316832
auditorium,103,RO-PDRF-NOQ,coral_adapt,selective_error_at_0.5,0.03374174097119764
auditorium,103,RO-PDRF-NOQ,coral_adapt,selective_error_at_0.8,0.055688082589956944
auditorium,103,RO-PDRF-NOQ,coral_adapt,selective_error_at_1,0.09318921692833204
auditorium,103,RO-PDRF-NOQ,coral_adapt,parameters,15055.0
auditorium,103,RO-PDRF-NOQ,coral_adapt,train_seconds,64.18090459999803
auditorium,103,RO-PDRF-NOQ,coral_adapt,epochs,12.0
auditorium,103,RO-PDRF-NOQ,coral_adapt,inference_ms_per_observation,0.0006998107668591961
auditorium,103,GroupDRO-EF-PD,source_only,accuracy,0.9962955241592765
auditorium,103,GroupDRO-EF-PD,source_only,macro_f1,0.9732638686915562
auditorium,103,GroupDRO-EF-PD,source_only,macro_auroc,0.9998189178876583
auditorium,103,GroupDRO-EF-PD,source_only,macro_auprc,0.9977850876150374
auditorium,103,GroupDRO-EF-PD,source_only,nll,0.009108030057529398
auditorium,103,GroupDRO-EF-PD,source_only,class_1_precision,0.9997833838770953
auditorium,103,GroupDRO-EF-PD,source_only,class_1_recall,0.996379880104286
auditorium,103,GroupDRO-EF-PD,source_only,class_1_f1,0.9980787304650137
auditorium,103,GroupDRO-EF-PD,source_only,class_1_auroc,0.9998189178876583
auditorium,103,GroupDRO-EF-PD,source_only,class_1_auprc,0.9999935382609005
auditorium,103,GroupDRO-EF-PD,source_only,class_2_precision,0.9069568928723858
auditorium,103,GroupDRO-EF-PD,source_only,class_2_recall,0.9939195509822264
auditorium,103,GroupDRO-EF-PD,source_only,class_2_f1,0.9484490069180986
auditorium,103,GroupDRO-EF-PD,source_only,class_2_auroc,0.9998189178876583
auditorium,103,GroupDRO-EF-PD,source_only,class_2_auprc,0.9955766369691741
auditorium,103,GroupDRO-EF-PD,source_only,brier,0.005441381223157949
auditorium,103,GroupDRO-EF-PD,source_only,ece15,0.0007659241291630315
auditorium,103,GroupDRO-EF-PD,source_only,reversed_auroc,0.0001810821123417155
auditorium,103,GroupDRO-EF-PD,source_only,recall_return_air_temperature_fault,0.9953863898500577
auditorium,103,GroupDRO-EF-PD,source_only,recall_supply_air_temperature_fault,0.9876237623762376
auditorium,103,GroupDRO-EF-PD,source_only,selective_error_at_0.5,0.0
auditorium,103,GroupDRO-EF-PD,source_only,selective_error_at_0.8,0.0
auditorium,103,GroupDRO-EF-PD,source_only,selective_error_at_1,0.003704475840723531
auditorium,103,GroupDRO-EF-PD,source_only,train_seconds,21.61974770000961
auditorium,103,GroupDRO-EF-PD,source_only,parameters,12354.0
auditorium,103,GroupDRO-EF-PD,source_only,epochs,12.0
auditorium,103,GroupDRO-EF-PD,source_only,inference_ms_per_observation,0.00025690139049320117
auditorium,103,HGB-current,source_only,accuracy,0.9973218724441523
auditorium,103,HGB-current,source_only,macro_f1,0.9800445350451357
auditorium,103,HGB-current,source_only,macro_auroc,0.9979661971564937
auditorium,103,HGB-current,source_only,macro_auprc,0.9922957876403258
auditorium,103,HGB-current,source_only,nll,0.010778250662108434
auditorium,103,HGB-current,source_only,class_1_precision,0.9991023936170212
auditorium,103,HGB-current,source_only,class_1_recall,0.998123515833873
auditorium,103,HGB-current,source_only,class_1_f1,0.9986127148422898
auditorium,103,HGB-current,source_only,class_1_auroc,0.9979661971564937
auditorium,103,HGB-current,source_only,class_1_auprc,0.9999220391966984
auditorium,103,HGB-current,source_only,class_2_precision,0.9485662266727356
auditorium,103,HGB-current,source_only,class_2_recall,0.9747427502338635
auditorium,103,HGB-current,source_only,class_2_f1,0.9614763552479816
auditorium,103,HGB-current,source_only,class_2_auroc,0.9979661971564937
auditorium,103,HGB-current,source_only,class_2_auprc,0.9846695360839532
auditorium,103,HGB-current,source_only,brier,0.004497428015950442
auditorium,103,HGB-current,source_only,ece15,0.0006735096895603373
auditorium,103,HGB-current,source_only,reversed_auroc,0.002033802843506455
auditorium,103,HGB-current,source_only,recall_return_air_temperature_fault,0.9775086505190311
auditorium,103,HGB-current,source_only,recall_supply_air_temperature_fault,0.9628712871287128
auditorium,103,HGB-current,source_only,selective_error_at_0.5,0.0
auditorium,103,HGB-current,source_only,selective_error_at_0.8,6.013831813167503e-05
auditorium,103,HGB-current,source_only,selective_error_at_1,0.0026781275558477313
auditorium,103,HGB-current,source_only,train_seconds,1.7617059000040172
auditorium,103,HGB-current,source_only,parameters,
auditorium,103,HGB-current,source_only,epochs,
auditorium,103,HGB-current,source_only,inference_ms_per_observation,
auditorium,104,EF-PD,source_norm,accuracy,0.9966322946902513
auditorium,104,EF-PD,source_norm,macro_f1,0.9752744749158775
auditorium,104,EF-PD,source_norm,macro_auroc,0.9998058458624772
auditorium,104,EF-PD,source_norm,macro_auprc,0.9975658887075873
auditorium,104,EF-PD,source_norm,nll,0.007472187893606765
auditorium,104,EF-PD,source_norm,class_1_precision,0.9993010833208527
auditorium,104,EF-PD,source_norm,class_1_recall,0.9972101828326608
auditorium,104,EF-PD,source_norm,class_1_f1,0.9982545382006782
auditorium,104,EF-PD,source_norm,class_1_auroc,0.9998058458624772
auditorium,104,EF-PD,source_norm,class_1_auprc,0.9999930862306311
auditorium,104,EF-PD,source_norm,class_2_precision,0.9257950530035336
auditorium,104,EF-PD,source_norm,class_2_recall,0.980355472404116
auditorium,104,EF-PD,source_norm,class_2_f1,0.9522944116310768
auditorium,104,EF-PD,source_norm,class_2_auroc,0.9998058458624772
auditorium,104,EF-PD,source_norm,class_2_auprc,0.9951386911845436
auditorium,104,EF-PD,source_norm,brier,0.00465435553701381
auditorium,104,EF-PD,source_norm,ece15,0.001135829779435616
auditorium,104,EF-PD,source_norm,reversed_auroc,0.00019416190462032427
auditorium,104,EF-PD,source_norm,recall_return_air_temperature_fault,0.9850057670126874
auditorium,104,EF-PD,source_norm,recall_supply_air_temperature_fault,0.9603960396039604
auditorium,104,EF-PD,source_norm,selective_error_at_0.5,0.0
auditorium,104,EF-PD,source_norm,selective_error_at_0.8,0.0
auditorium,104,EF-PD,source_norm,selective_error_at_1,0.0033677053097487253
auditorium,104,EF-PD,source_norm,parameters,12354.0
auditorium,104,EF-PD,source_norm,train_seconds,18.26760340000328
auditorium,104,EF-PD,source_norm,epochs,12.0
auditorium,104,EF-PD,source_norm,inference_ms_per_observation,0.00020028064210722503
auditorium,104,EF-PD,target_norm,accuracy,0.8866045512131757
auditorium,104,EF-PD,target_norm,macro_f1,0.6550983182682921
auditorium,104,EF-PD,target_norm,macro_auroc,0.9831449497609374
auditorium,104,EF-PD,target_norm,macro_auprc,0.8339333683123242
auditorium,104,EF-PD,target_norm,nll,0.3825969452284122
auditorium,104,EF-PD,target_norm,class_1_precision,0.9992672753917259
auditorium,104,EF-PD,target_norm,class_1_recall,0.883226224281373
auditorium,104,EF-PD,target_norm,class_1_f1,0.9376702366785667
auditorium,104,EF-PD,target_norm,class_1_auroc,0.9831449089836752
auditorium,104,EF-PD,target_norm,class_1_auprc,0.9993889491973166
auditorium,104,EF-PD,target_norm,class_2_precision,0.2298762457562151
auditorium,104,EF-PD,target_norm,class_2_recall,0.9817586529466792
auditorium,104,EF-PD,target_norm,class_2_f1,0.37252639985801755
auditorium,104,EF-PD,target_norm,class_2_auroc,0.9831449905381995
auditorium,104,EF-PD,target_norm,class_2_auprc,0.668477787427332
auditorium,104,EF-PD,target_norm,brier,0.17597502484898375
auditorium,104,EF-PD,target_norm,ece15,0.07444631954061251
auditorium,104,EF-PD,target_norm,reversed_auroc,0.016855009461800567
auditorium,104,EF-PD,target_norm,recall_return_air_temperature_fault,0.9844290657439446
auditorium,104,EF-PD,target_norm,recall_supply_air_temperature_fault,0.9702970297029703
auditorium,104,EF-PD,target_norm,selective_error_at_0.5,0.0018923599974340899
auditorium,104,EF-PD,target_norm,selective_error_at_0.8,0.04430189435702114
auditorium,104,EF-PD,target_norm,selective_error_at_1,0.11339544878682428
auditorium,104,EF-PD,target_norm,parameters,12354.0
auditorium,104,EF-PD,target_norm,train_seconds,18.26760340000328
auditorium,104,EF-PD,target_norm,epochs,12.0
auditorium,104,EF-PD,target_norm,inference_ms_per_observation,0.00018055070005296031
auditorium,104,EF-PD,coral_adapt,accuracy,0.8913353753387752
auditorium,104,EF-PD,coral_adapt,macro_f1,0.6555147812846651
auditorium,104,EF-PD,coral_adapt,macro_auroc,0.9770293526849636
auditorium,104,EF-PD,coral_adapt,macro_auprc,0.7950909126934727
auditorium,104,EF-PD,coral_adapt,nll,0.39770591118593723
auditorium,104,EF-PD,coral_adapt,class_1_precision,0.9973199828776684
auditorium,104,EF-PD,coral_adapt,class_1_recall,0.8898686461083711
auditorium,104,EF-PD,coral_adapt,class_1_f1,0.9405353225098727
auditorium,104,EF-PD,coral_adapt,class_1_auroc,0.9770294264723903
auditorium,104,EF-PD,coral_adapt,class_1_auprc,0.9991501506731244
auditorium,104,EF-PD,coral_adapt,class_2_precision,0.2311616044516578
auditorium,104,EF-PD,coral_adapt,class_2_recall,0.9326473339569691
auditorium,104,EF-PD,coral_adapt,class_2_f1,0.37049424005945747
auditorium,104,EF-PD,coral_adapt,class_2_auroc,0.977029278897537
auditorium,104,EF-PD,coral_adapt,class_2_auprc,0.5910316747138208
auditorium,104,EF-PD,coral_adapt,brier,0.17707213465778462
auditorium,104,EF-PD,coral_adapt,ece15,0.08282363461028092
auditorium,104,EF-PD,coral_adapt,reversed_auroc,0.022970705568267965
auditorium,104,EF-PD,coral_adapt,recall_return_air_temperature_fault,0.9307958477508651
auditorium,104,EF-PD,coral_adapt,recall_supply_air_temperature_fault,0.9405940594059405
auditorium,104,EF-PD,coral_adapt,selective_error_at_0.5,0.004682789146192801
auditorium,104,EF-PD,coral_adapt,selective_error_at_0.8,0.019164077377969324
auditorium,104,EF-PD,coral_adapt,selective_error_at_1,0.10866462466122484
auditorium,104,EF-PD,coral_adapt,parameters,12354.0
auditorium,104,EF-PD,coral_adapt,train_seconds,18.26760340000328
auditorium,104,EF-PD,coral_adapt,epochs,12.0
auditorium,104,EF-PD,coral_adapt,inference_ms_per_observation,0.0001811232098810634
auditorium,104,RO-PDRF-NOQ,source_norm,accuracy,0.9606619946437449
auditorium,104,RO-PDRF-NOQ,source_norm,macro_f1,0.7997968746447509
auditorium,104,RO-PDRF-NOQ,source_norm,macro_auroc,0.9843130396783266
auditorium,104,RO-PDRF-NOQ,source_norm,macro_auprc,0.8065001686524654
auditorium,104,RO-PDRF-NOQ,source_norm,nll,0.1505688462345746
auditorium,104,RO-PDRF-NOQ,source_norm,class_1_precision,0.9976910087190268
auditorium,104,RO-PDRF-NOQ,source_norm,class_1_recall,0.9614905594579783
auditorium,104,RO-PDRF-NOQ,source_norm,class_1_f1,0.9792563402196984
auditorium,104,RO-PDRF-NOQ,source_norm,class_1_auroc,0.9843130377365523
auditorium,104,RO-PDRF-NOQ,source_norm,class_1_auprc,0.9994306357721308
auditorium,104,RO-PDRF-NOQ,source_norm,class_2_precision,0.4635669673837613
auditorium,104,RO-PDRF-NOQ,source_norm,class_2_recall,0.9373246024321796
auditorium,104,RO-PDRF-NOQ,source_norm,class_2_f1,0.6203374090698034
auditorium,104,RO-PDRF-NOQ,source_norm,class_2_auroc,0.9843130416201009
auditorium,104,RO-PDRF-NOQ,source_norm,class_2_auprc,0.6135697015328001
auditorium,104,RO-PDRF-NOQ,source_norm,brier,0.06922593581652133
auditorium,104,RO-PDRF-NOQ,source_norm,ece15,0.020013398317551456
auditorium,104,RO-PDRF-NOQ,source_norm,reversed_auroc,0.015686962263447797
auditorium,104,RO-PDRF-NOQ,source_norm,recall_return_air_temperature_fault,0.972318339100346
auditorium,104,RO-PDRF-NOQ,source_norm,recall_supply_air_temperature_fault,0.7871287128712872
auditorium,104,RO-PDRF-NOQ,source_norm,selective_error_at_0.5,0.0018602860991725478
auditorium,104,RO-PDRF-NOQ,source_norm,selective_error_at_0.8,0.015455547759847699
auditorium,104,RO-PDRF-NOQ,source_norm,selective_error_at_1,0.03933800535625509
auditorium,104,RO-PDRF-NOQ,source_norm,parameters,15055.0
auditorium,104,RO-PDRF-NOQ,source_norm,train_seconds,61.16030679999676
auditorium,104,RO-PDRF-NOQ,source_norm,epochs,12.0
auditorium,104,RO-PDRF-NOQ,source_norm,inference_ms_per_observation,0.0004885674424367522
auditorium,104,RO-PDRF-NOQ,target_norm,accuracy,0.9298073993296663
auditorium,104,RO-PDRF-NOQ,target_norm,macro_f1,0.7167970341623653
auditorium,104,RO-PDRF-NOQ,target_norm,macro_auroc,0.9698621469118229
auditorium,104,RO-PDRF-NOQ,target_norm,macro_auprc,0.766603090640833
auditorium,104,RO-PDRF-NOQ,target_norm,nll,0.18887874060564988
auditorium,104,RO-PDRF-NOQ,target_norm,class_1_precision,0.9966558753424171
auditorium,104,RO-PDRF-NOQ,target_norm,class_1_recall,0.9304372374167621
auditorium,104,RO-PDRF-NOQ,target_norm,class_1_f1,0.9624088562913851
auditorium,104,RO-PDRF-NOQ,target_norm,class_1_auroc,0.9698621469118229
auditorium,104,RO-PDRF-NOQ,target_norm,class_1_auprc,0.9988398392896352
auditorium,104,RO-PDRF-NOQ,target_norm,class_2_precision,0.3176413096595537
auditorium,104,RO-PDRF-NOQ,target_norm,class_2_recall,0.912067352666043
auditorium,104,RO-PDRF-NOQ,target_norm,class_2_f1,0.4711852120333454
auditorium,104,RO-PDRF-NOQ,target_norm,class_2_auroc,0.9698621469118229
auditorium,104,RO-PDRF-NOQ,target_norm,class_2_auprc,0.5343663419920307
auditorium,104,RO-PDRF-NOQ,target_norm,brier,0.10706583119150762
auditorium,104,RO-PDRF-NOQ,target_norm,ece15,0.009372796950121658
auditorium,104,RO-PDRF-NOQ,target_norm,reversed_auroc,0.030137853088177017
auditorium,104,RO-PDRF-NOQ,target_norm,recall_return_air_temperature_fault,0.9400230680507498
auditorium,104,RO-PDRF-NOQ,target_norm,recall_supply_air_temperature_fault,0.7920792079207921
auditorium,104,RO-PDRF-NOQ,target_norm,selective_error_at_0.5,0.01010327795240229
auditorium,104,RO-PDRF-NOQ,target_norm,selective_error_at_0.8,0.02255186929938857
auditorium,104,RO-PDRF-NOQ,target_norm,selective_error_at_1,0.07019260067033373
auditorium,104,RO-PDRF-NOQ,target_norm,parameters,15055.0
auditorium,104,RO-PDRF-NOQ,target_norm,train_seconds,61.16030679999676
auditorium,104,RO-PDRF-NOQ,target_norm,epochs,12.0
auditorium,104,RO-PDRF-NOQ,target_norm,inference_ms_per_observation,0.0005039193676230982
auditorium,104,RO-PDRF-NOQ,coral_adapt,accuracy,0.922125823885049
auditorium,104,RO-PDRF-NOQ,coral_adapt,macro_f1,0.7033312526147615
auditorium,104,RO-PDRF-NOQ,coral_adapt,macro_auroc,0.969378012070722
auditorium,104,RO-PDRF-NOQ,coral_adapt,macro_auprc,0.7826672409147555
auditorium,104,RO-PDRF-NOQ,coral_adapt,nll,0.2395933638153022
auditorium,104,RO-PDRF-NOQ,coral_adapt,class_1_precision,0.9970730305805455
auditorium,104,RO-PDRF-NOQ,coral_adapt,class_1_recall,0.9220677859147445
auditorium,104,RO-PDRF-NOQ,coral_adapt,class_1_f1,0.9581047037305449
auditorium,104,RO-PDRF-NOQ,coral_adapt,class_1_auroc,0.969378012070722
auditorium,104,RO-PDRF-NOQ,coral_adapt,class_1_auprc,0.9987972540150549
auditorium,104,RO-PDRF-NOQ,coral_adapt,class_2_precision,0.2961907618476305
auditorium,104,RO-PDRF-NOQ,coral_adapt,class_2_recall,0.9237605238540693
auditorium,104,RO-PDRF-NOQ,coral_adapt,class_2_f1,0.44855780149897795
auditorium,104,RO-PDRF-NOQ,coral_adapt,class_2_auroc,0.9693780120707219
auditorium,104,RO-PDRF-NOQ,coral_adapt,class_2_auprc,0.5665372278144561
auditorium,104,RO-PDRF-NOQ,coral_adapt,brier,0.1257127917406644
auditorium,104,RO-PDRF-NOQ,coral_adapt,ece15,0.025589213196048365
auditorium,104,RO-PDRF-NOQ,coral_adapt,reversed_auroc,0.03062198404572919
auditorium,104,RO-PDRF-NOQ,coral_adapt,recall_return_air_temperature_fault,0.9567474048442907
auditorium,104,RO-PDRF-NOQ,coral_adapt,recall_supply_air_temperature_fault,0.7821782178217822
auditorium,104,RO-PDRF-NOQ,coral_adapt,selective_error_at_0.5,0.021810250817884458
auditorium,104,RO-PDRF-NOQ,coral_adapt,selective_error_at_0.8,0.03381778089606091
auditorium,104,RO-PDRF-NOQ,coral_adapt,selective_error_at_1,0.07787417611495095
auditorium,104,RO-PDRF-NOQ,coral_adapt,parameters,15055.0
auditorium,104,RO-PDRF-NOQ,coral_adapt,train_seconds,61.16030679999676
auditorium,104,RO-PDRF-NOQ,coral_adapt,epochs,12.0
auditorium,104,RO-PDRF-NOQ,coral_adapt,inference_ms_per_observation,0.0008806485237835934
auditorium,104,GroupDRO-EF-PD,source_only,accuracy,0.9958144234007409
auditorium,104,GroupDRO-EF-PD,source_only,macro_f1,0.9699978549667396
auditorium,104,GroupDRO-EF-PD,source_only,macro_auroc,0.9998391356425878
auditorium,104,GroupDRO-EF-PD,source_only,macro_auprc,0.9980359406977714
auditorium,104,GroupDRO-EF-PD,source_only,nll,0.010288132327894576
auditorium,104,GroupDRO-EF-PD,source_only,class_1_precision,0.9997999399819946
auditorium,104,GroupDRO-EF-PD,source_only,class_1_recall,0.9958650924126937
auditorium,104,GroupDRO-EF-PD,source_only,class_1_f1,0.9978286370329698
auditorium,104,GroupDRO-EF-PD,source_only,class_1_auroc,0.9998391356425876
auditorium,104,GroupDRO-EF-PD,source_only,class_1_auprc,0.9999942639380989
auditorium,104,GroupDRO-EF-PD,source_only,class_2_precision,0.8951578947368422
auditorium,104,GroupDRO-EF-PD,source_only,class_2_recall,0.9943872778297475
auditorium,104,GroupDRO-EF-PD,source_only,class_2_f1,0.9421670729005096
auditorium,104,GroupDRO-EF-PD,source_only,class_2_auroc,0.9998391356425878
auditorium,104,GroupDRO-EF-PD,source_only,class_2_auprc,0.9960776174574438
auditorium,104,GroupDRO-EF-PD,source_only,brier,0.0062139339891877305
auditorium,104,GroupDRO-EF-PD,source_only,ece15,0.0013367299755833741
auditorium,104,GroupDRO-EF-PD,source_only,reversed_auroc,0.00016086435741225199
auditorium,104,GroupDRO-EF-PD,source_only,recall_return_air_temperature_fault,0.9982698961937716
auditorium,104,GroupDRO-EF-PD,source_only,recall_supply_air_temperature_fault,0.9777227722772277
auditorium,104,GroupDRO-EF-PD,source_only,selective_error_at_0.5,0.0
auditorium,104,GroupDRO-EF-PD,source_only,selective_error_at_0.8,0.0
auditorium,104,GroupDRO-EF-PD,source_only,selective_error_at_1,0.004185576599259111
auditorium,104,GroupDRO-EF-PD,source_only,train_seconds,21.58198160000029
auditorium,104,GroupDRO-EF-PD,source_only,parameters,12354.0
auditorium,104,GroupDRO-EF-PD,source_only,epochs,12.0
auditorium,104,GroupDRO-EF-PD,source_only,inference_ms_per_observation,0.00025722693525165893
auditorium,104,HGB-current,source_only,accuracy,0.99756242282342
auditorium,104,HGB-current,source_only,macro_f1,0.9818248167310669
auditorium,104,HGB-current,source_only,macro_auroc,0.998733100951095
auditorium,104,HGB-current,source_only,macro_auprc,0.9937825709490626
auditorium,104,HGB-current,source_only,nll,0.009618839178752515
auditorium,104,HGB-current,source_only,class_1_precision,0.9992021674451075
auditorium,104,HGB-current,source_only,class_1_recall,0.9982729703249805
auditorium,104,HGB-current,source_only,class_1_f1,0.9987373527603794
auditorium,104,HGB-current,source_only,class_1_auroc,0.998733100951095
auditorium,104,HGB-current,source_only,class_1_auprc,0.9999521836843969
auditorium,104,HGB-current,source_only,class_2_precision,0.9525979945305378
auditorium,104,HGB-current,source_only,class_2_recall,0.9775491113189897
auditorium,104,HGB-current,source_only,class_2_f1,0.9649122807017544
auditorium,104,HGB-current,source_only,class_2_auroc,0.998733100951095
auditorium,104,HGB-current,source_only,class_2_auprc,0.9876129582137284
auditorium,104,HGB-current,source_only,brier,0.004245601590184268
auditorium,104,HGB-current,source_only,ece15,0.0013042222282406454
auditorium,104,HGB-current,source_only,reversed_auroc,0.0012668990489049297
auditorium,104,HGB-current,source_only,recall_return_air_temperature_fault,0.9803921568627451
auditorium,104,HGB-current,source_only,recall_supply_air_temperature_fault,0.9653465346534653
auditorium,104,HGB-current,source_only,selective_error_at_0.5,0.0
auditorium,104,HGB-current,source_only,selective_error_at_0.8,8.01844241755667e-05
auditorium,104,HGB-current,source_only,selective_error_at_1,0.002437577176579997
auditorium,104,HGB-current,source_only,train_seconds,1.6828677000012249
auditorium,104,HGB-current,source_only,parameters,
auditorium,104,HGB-current,source_only,epochs,
auditorium,104,HGB-current,source_only,inference_ms_per_observation,
auditorium,105,EF-PD,source_norm,accuracy,0.9962955241592765
auditorium,105,EF-PD,source_norm,macro_f1,0.9732523751836624
auditorium,105,EF-PD,source_norm,macro_auroc,0.999829636482281
auditorium,105,EF-PD,source_norm,macro_auprc,0.9978239330979721
auditorium,105,EF-PD,source_norm,nll,0.010035671786701143
auditorium,105,EF-PD,source_norm,class_1_precision,0.9997667288723007
auditorium,105,EF-PD,source_norm,class_1_recall,0.9963964861588536
auditorium,105,EF-PD,source_norm,class_1_f1,0.9980787624235872
auditorium,105,EF-PD,source_norm,class_1_auroc,0.9998296364822808
auditorium,105,EF-PD,source_norm,class_1_auprc,0.9999939396893235
auditorium,105,EF-PD,source_norm,class_2_precision,0.9073045706962837
auditorium,105,EF-PD,source_norm,class_2_recall,0.9934518241347053
auditorium,105,EF-PD,source_norm,class_2_f1,0.9484259879437374
auditorium,105,EF-PD,source_norm,class_2_auroc,0.999829636482281
auditorium,105,EF-PD,source_norm,class_2_auprc,0.9956539265066209
auditorium,105,EF-PD,source_norm,brier,0.005670432610841669
auditorium,105,EF-PD,source_norm,ece15,0.00110199557183908
auditorium,105,EF-PD,source_norm,reversed_auroc,0.00017036351771910436
auditorium,105,EF-PD,source_norm,recall_return_air_temperature_fault,0.9965397923875432
auditorium,105,EF-PD,source_norm,recall_supply_air_temperature_fault,0.9801980198019802
auditorium,105,EF-PD,source_norm,selective_error_at_0.5,0.0
auditorium,105,EF-PD,source_norm,selective_error_at_0.8,0.0
auditorium,105,EF-PD,source_norm,selective_error_at_1,0.003704475840723531
auditorium,105,EF-PD,source_norm,parameters,12354.0
auditorium,105,EF-PD,source_norm,train_seconds,18.03606949999812
auditorium,105,EF-PD,source_norm,epochs,12.0
auditorium,105,EF-PD,source_norm,inference_ms_per_observation,0.00021329762490178374
auditorium,105,EF-PD,target_norm,accuracy,0.8945908238048655
auditorium,105,EF-PD,target_norm,macro_f1,0.6677068487194668
auditorium,105,EF-PD,target_norm,macro_auroc,0.9941431676625406
auditorium,105,EF-PD,target_norm,macro_auprc,0.9370376782558791
auditorium,105,EF-PD,target_norm,nll,0.40474846077255666
auditorium,105,EF-PD,target_norm,class_1_precision,0.99983228980322
auditorium,105,EF-PD,target_norm,class_1_recall,0.8909978578189608
auditorium,105,EF-PD,target_norm,class_1_f1,0.9422828692605569
auditorium,105,EF-PD,target_norm,class_1_auroc,0.9941431540701199
auditorium,105,EF-PD,target_norm,class_1_auprc,0.9997889648360592
auditorium,105,EF-PD,target_norm,class_2_precision,0.24490969745772462
auditorium,105,EF-PD,target_norm,class_2_recall,0.9957904583723106
auditorium,105,EF-PD,target_norm,class_2_f1,0.39313082817837686
auditorium,105,EF-PD,target_norm,class_2_auroc,0.9941431812549614
auditorium,105,EF-PD,target_norm,class_2_auprc,0.874286391675699
auditorium,105,EF-PD,target_norm,brier,0.18243349629100386
auditorium,105,EF-PD,target_norm,ece15,0.0743420188593712
auditorium,105,EF-PD,target_norm,reversed_auroc,0.005856818745038673
auditorium,105,EF-PD,target_norm,recall_return_air_temperature_fault,0.9959630911188004
auditorium,105,EF-PD,target_norm,recall_supply_air_temperature_fault,0.995049504950495
auditorium,105,EF-PD,target_norm,selective_error_at_0.5,0.0006414779652318403
auditorium,105,EF-PD,target_norm,selective_error_at_0.8,0.05374361030369845
auditorium,105,EF-PD,target_norm,selective_error_at_1,0.10540917619513446
auditorium,105,EF-PD,target_norm,parameters,12354.0
auditorium,105,EF-PD,target_norm,train_seconds,18.03606949999812
auditorium,105,EF-PD,target_norm,epochs,12.0
auditorium,105,EF-PD,target_norm,inference_ms_per_observation,0.00023070385056746953
auditorium,105,EF-PD,coral_adapt,accuracy,0.8899882932148756
auditorium,105,EF-PD,coral_adapt,macro_f1,0.6579060571237751
auditorium,105,EF-PD,coral_adapt,macro_auroc,0.9858417306920169
auditorium,105,EF-PD,coral_adapt,macro_auprc,0.8916467727089821
auditorium,105,EF-PD,coral_adapt,nll,0.4003896528133481
auditorium,105,EF-PD,coral_adapt,class_1_precision,0.9986915643283052
auditorium,105,EF-PD,coral_adapt,class_1_recall,0.8872448894867069
auditorium,105,EF-PD,coral_adapt,class_1_f1,0.9396753372377284
auditorium,105,EF-PD,coral_adapt,class_1_auroc,0.9858417035071754
auditorium,105,EF-PD,coral_adapt,class_1_auprc,0.9994730056315748
auditorium,105,EF-PD,coral_adapt,class_2_precision,0.23346127794084442
auditorium,105,EF-PD,coral_adapt,class_2_recall,0.9672591206735267
auditorium,105,EF-PD,coral_adapt,class_2_f1,0.37613677700982173
auditorium,105,EF-PD,coral_adapt,class_2_auroc,0.9858417578768582
auditorium,105,EF-PD,coral_adapt,class_2_auprc,0.7838205397863893
auditorium,105,EF-PD,coral_adapt,brier,0.1846309967616453
auditorium,105,EF-PD,coral_adapt,ece15,0.08606445197563412
auditorium,105,EF-PD,coral_adapt,reversed_auroc,0.014158253773788038
auditorium,105,EF-PD,coral_adapt,recall_return_air_temperature_fault,0.9700115340253749
auditorium,105,EF-PD,coral_adapt,recall_supply_air_temperature_fault,0.9554455445544554
auditorium,105,EF-PD,coral_adapt,selective_error_at_0.5,0.0006414779652318403
auditorium,105,EF-PD,coral_adapt,selective_error_at_0.8,0.016097023153252454
auditorium,105,EF-PD,coral_adapt,selective_error_at_1,0.1100117067851244
auditorium,105,EF-PD,coral_adapt,parameters,12354.0
auditorium,105,EF-PD,coral_adapt,train_seconds,18.03606949999812
auditorium,105,EF-PD,coral_adapt,epochs,12.0
auditorium,105,EF-PD,coral_adapt,inference_ms_per_observation,0.00020932694007731208
auditorium,105,RO-PDRF-NOQ,source_norm,accuracy,0.960148820501307
auditorium,105,RO-PDRF-NOQ,source_norm,macro_f1,0.7983062305265721
auditorium,105,RO-PDRF-NOQ,source_norm,macro_auroc,0.9849851266295546
auditorium,105,RO-PDRF-NOQ,source_norm,macro_auprc,0.8173411249718923
auditorium,105,RO-PDRF-NOQ,source_norm,nll,0.14962760164160602
auditorium,105,RO-PDRF-NOQ,source_norm,class_1_precision,0.9977412235326574
auditorium,105,RO-PDRF-NOQ,source_norm,class_1_recall,0.9609093475481161
auditorium,105,RO-PDRF-NOQ,source_norm,class_1_f1,0.978978978978979
auditorium,105,RO-PDRF-NOQ,source_norm,class_1_auroc,0.984985128571329
auditorium,105,RO-PDRF-NOQ,source_norm,class_1_auprc,0.999455508999648
auditorium,105,RO-PDRF-NOQ,source_norm,class_2_precision,0.4602155468929145
auditorium,105,RO-PDRF-NOQ,source_norm,class_2_recall,0.9387277829747428
auditorium,105,RO-PDRF-NOQ,source_norm,class_2_f1,0.6176334820741652
auditorium,105,RO-PDRF-NOQ,source_norm,class_2_auroc,0.9849851246877802
auditorium,105,RO-PDRF-NOQ,source_norm,class_2_auprc,0.6352267409441366
auditorium,105,RO-PDRF-NOQ,source_norm,brier,0.06882623668657654
auditorium,105,RO-PDRF-NOQ,source_norm,ece15,0.019604977625880763
auditorium,105,RO-PDRF-NOQ,source_norm,reversed_auroc,0.015014879195768622
auditorium,105,RO-PDRF-NOQ,source_norm,recall_return_air_temperature_fault,0.9700115340253749
auditorium,105,RO-PDRF-NOQ,source_norm,recall_supply_air_temperature_fault,0.8044554455445545
auditorium,105,RO-PDRF-NOQ,source_norm,selective_error_at_0.5,0.0007376996600166885
auditorium,105,RO-PDRF-NOQ,source_norm,selective_error_at_0.8,0.014012228124686832
auditorium,105,RO-PDRF-NOQ,source_norm,selective_error_at_1,0.03985117949869299
auditorium,105,RO-PDRF-NOQ,source_norm,parameters,15055.0
auditorium,105,RO-PDRF-NOQ,source_norm,train_seconds,63.88193639999372
auditorium,105,RO-PDRF-NOQ,source_norm,epochs,12.0
auditorium,105,RO-PDRF-NOQ,source_norm,inference_ms_per_observation,0.0006108536330306562
auditorium,105,RO-PDRF-NOQ,target_norm,accuracy,0.9347627371425822
auditorium,105,RO-PDRF-NOQ,target_norm,macro_f1,0.7270511171407683
auditorium,105,RO-PDRF-NOQ,target_norm,macro_auroc,0.9722820774177372
auditorium,105,RO-PDRF-NOQ,target_norm,macro_auprc,0.7912497737771065
auditorium,105,RO-PDRF-NOQ,target_norm,nll,0.1678937819968977
auditorium,105,RO-PDRF-NOQ,target_norm,class_1_precision,0.9966038737065535
auditorium,105,RO-PDRF-NOQ,target_norm,class_1_recall,0.9356349324963882
auditorium,105,RO-PDRF-NOQ,target_norm,class_1_f1,0.9651575106634462
auditorium,105,RO-PDRF-NOQ,target_norm,class_1_auroc,0.9722820832430603
auditorium,105,RO-PDRF-NOQ,target_norm,class_1_auprc,0.9988887304916617
auditorium,105,RO-PDRF-NOQ,target_norm,class_2_precision,0.3342493988320165
auditorium,105,RO-PDRF-NOQ,target_norm,class_2_recall,0.9101964452759589
auditorium,105,RO-PDRF-NOQ,target_norm,class_2_f1,0.48894472361809044
auditorium,105,RO-PDRF-NOQ,target_norm,class_2_auroc,0.9722820715924141
auditorium,105,RO-PDRF-NOQ,target_norm,class_2_auprc,0.5836108170625514
auditorium,105,RO-PDRF-NOQ,target_norm,brier,0.09629070699516053
auditorium,105,RO-PDRF-NOQ,target_norm,ece15,0.011104320035299705
auditorium,105,RO-PDRF-NOQ,target_norm,reversed_auroc,0.027717928407586086
auditorium,105,RO-PDRF-NOQ,target_norm,recall_return_air_temperature_fault,0.941753171856978
auditorium,105,RO-PDRF-NOQ,target_norm,recall_supply_air_temperature_fault,0.7747524752475248
auditorium,105,RO-PDRF-NOQ,target_norm,selective_error_at_0.5,0.005035602027070318
auditorium,105,RO-PDRF-NOQ,target_norm,selective_error_at_0.8,0.01685877518292067
auditorium,105,RO-PDRF-NOQ,target_norm,selective_error_at_1,0.06523726285741782
auditorium,105,RO-PDRF-NOQ,target_norm,parameters,15055.0
auditorium,105,RO-PDRF-NOQ,target_norm,train_seconds,63.88193639999372
auditorium,105,RO-PDRF-NOQ,target_norm,epochs,12.0
auditorium,105,RO-PDRF-NOQ,target_norm,inference_ms_per_observation,0.0006219462128396872
auditorium,105,RO-PDRF-NOQ,coral_adapt,accuracy,0.9264396940199175
auditorium,105,RO-PDRF-NOQ,coral_adapt,macro_f1,0.7098400666499709
auditorium,105,RO-PDRF-NOQ,coral_adapt,macro_auroc,0.966001062523411
auditorium,105,RO-PDRF-NOQ,coral_adapt,macro_auprc,0.7889938857615562
auditorium,105,RO-PDRF-NOQ,coral_adapt,nll,0.23570084207285427
auditorium,105,RO-PDRF-NOQ,coral_adapt,class_1_precision,0.9965901381797407
auditorium,105,RO-PDRF-NOQ,coral_adapt,class_1_recall,0.9269997841212906
auditorium,105,RO-PDRF-NOQ,coral_adapt,class_1_f1,0.9605361644283466
auditorium,105,RO-PDRF-NOQ,coral_adapt,class_1_auroc,0.9660010605816366
auditorium,105,RO-PDRF-NOQ,coral_adapt,class_1_auprc,0.9986107477866666
auditorium,105,RO-PDRF-NOQ,coral_adapt,class_2_precision,0.3069525461138263
auditorium,105,RO-PDRF-NOQ,coral_adapt,class_2_recall,0.9106641721234799
auditorium,105,RO-PDRF-NOQ,coral_adapt,class_2_f1,0.4591439688715953
auditorium,105,RO-PDRF-NOQ,coral_adapt,class_2_auroc,0.9660010644651855
auditorium,105,RO-PDRF-NOQ,coral_adapt,class_2_auprc,0.5793770237364458
auditorium,105,RO-PDRF-NOQ,coral_adapt,brier,0.12603448981401813
auditorium,105,RO-PDRF-NOQ,coral_adapt,ece15,0.026930949322321707
auditorium,105,RO-PDRF-NOQ,coral_adapt,reversed_auroc,0.03399893553481461
auditorium,105,RO-PDRF-NOQ,coral_adapt,recall_return_air_temperature_fault,0.9515570934256056
auditorium,105,RO-PDRF-NOQ,coral_adapt,recall_supply_air_temperature_fault,0.7351485148514851
auditorium,105,RO-PDRF-NOQ,coral_adapt,selective_error_at_0.5,0.01905189556738729
auditorium,105,RO-PDRF-NOQ,coral_adapt,selective_error_at_0.8,0.03484013230429994
auditorium,105,RO-PDRF-NOQ,coral_adapt,selective_error_at_1,0.07356030598008245
auditorium,105,RO-PDRF-NOQ,coral_adapt,parameters,15055.0
auditorium,105,RO-PDRF-NOQ,coral_adapt,train_seconds,63.88193639999372
auditorium,105,RO-PDRF-NOQ,coral_adapt,epochs,12.0
auditorium,105,RO-PDRF-NOQ,coral_adapt,inference_ms_per_observation,0.0005469329826575793
auditorium,105,GroupDRO-EF-PD,source_only,accuracy,0.9971775422165916
auditorium,105,GroupDRO-EF-PD,source_only,macro_f1,0.9792776551675926
auditorium,105,GroupDRO-EF-PD,source_only,macro_auroc,0.9998189644902435
auditorium,105,GroupDRO-EF-PD,source_only,macro_auprc,0.9976039651752648
auditorium,105,GroupDRO-EF-PD,source_only,nll,0.007204730620252185
auditorium,105,GroupDRO-EF-PD,source_only,class_1_precision,0.9995839781671743
auditorium,105,GroupDRO-EF-PD,source_only,class_1_recall,0.9974924857603082
auditorium,105,GroupDRO-EF-PD,source_only,class_1_f1,0.9985371367777113
auditorium,105,GroupDRO-EF-PD,source_only,class_1_auroc,0.9998189644902435
auditorium,105,GroupDRO-EF-PD,source_only,class_1_auprc,0.9999935685992767
auditorium,105,GroupDRO-EF-PD,source_only,class_2_precision,0.933303886925795
auditorium,105,GroupDRO-EF-PD,source_only,class_2_recall,0.9883068288119738
auditorium,105,GroupDRO-EF-PD,source_only,class_2_f1,0.9600181735574739
auditorium,105,GroupDRO-EF-PD,source_only,class_2_auroc,0.9998189644902437
auditorium,105,GroupDRO-EF-PD,source_only,class_2_auprc,0.9952143617512529
auditorium,105,GroupDRO-EF-PD,source_only,brier,0.004148021556281467
auditorium,105,GroupDRO-EF-PD,source_only,ece15,0.00041103307214803033
auditorium,105,GroupDRO-EF-PD,source_only,reversed_auroc,0.00018103550975640014
auditorium,105,GroupDRO-EF-PD,source_only,recall_return_air_temperature_fault,0.9867358708189158
auditorium,105,GroupDRO-EF-PD,source_only,recall_supply_air_temperature_fault,0.995049504950495
auditorium,105,GroupDRO-EF-PD,source_only,selective_error_at_0.5,0.0
auditorium,105,GroupDRO-EF-PD,source_only,selective_error_at_0.8,0.0
auditorium,105,GroupDRO-EF-PD,source_only,selective_error_at_1,0.002822457783408394
auditorium,105,GroupDRO-EF-PD,source_only,train_seconds,20.25286330000381
auditorium,105,GroupDRO-EF-PD,source_only,parameters,12354.0
auditorium,105,GroupDRO-EF-PD,source_only,epochs,12.0
auditorium,105,GroupDRO-EF-PD,source_only,inference_ms_per_observation,0.00027726157443946475
auditorium,105,HGB-current,source_only,accuracy,0.9968247349936655
auditorium,105,HGB-current,source_only,macro_f1,0.9765539168575241
auditorium,105,HGB-current,source_only,macro_auroc,0.9990315788593958
auditorium,105,HGB-current,source_only,macro_auprc,0.9941555355865561
auditorium,105,HGB-current,source_only,nll,0.01011080910248442
auditorium,105,HGB-current,source_only,class_1_precision,0.9991849498494653
auditorium,105,HGB-current,source_only,class_1_recall,0.9975256978694432
auditorium,105,HGB-current,source_only,class_1_f1,0.9983546344463096
auditorium,105,HGB-current,source_only,class_1_auroc,0.9990315788593959
auditorium,105,HGB-current,source_only,class_1_auprc,0.9999639515619138
auditorium,105,HGB-current,source_only,class_2_precision,0.9334226988382485
auditorium,105,HGB-current,source_only,class_2_recall,0.9770813844714686
auditorium,105,HGB-current,source_only,class_2_f1,0.9547531992687386
auditorium,105,HGB-current,source_only,class_2_auroc,0.9990315788593958
auditorium,105,HGB-current,source_only,class_2_auprc,0.9883471196111984
auditorium,105,HGB-current,source_only,brier,0.004804093659457492
auditorium,105,HGB-current,source_only,ece15,0.00126872938130748
auditorium,105,HGB-current,source_only,reversed_auroc,0.0009684211406041887
auditorium,105,HGB-current,source_only,recall_return_air_temperature_fault,0.9775086505190311
auditorium,105,HGB-current,source_only,recall_supply_air_temperature_fault,0.9752475247524752
auditorium,105,HGB-current,source_only,selective_error_at_0.5,0.0
auditorium,105,HGB-current,source_only,selective_error_at_0.8,4.009221208778335e-05
auditorium,105,HGB-current,source_only,selective_error_at_1,0.003175265006334471
auditorium,105,HGB-current,source_only,train_seconds,1.5353486999956658
auditorium,105,HGB-current,source_only,parameters,
auditorium,105,HGB-current,source_only,epochs,
auditorium,105,HGB-current,source_only,inference_ms_per_observation,
hospital,101,EF-PD,source_norm,accuracy,0.9050106558559136
hospital,101,EF-PD,source_norm,macro_f1,0.7516152311325943
hospital,101,EF-PD,source_norm,macro_auroc,0.9802080754565776
hospital,101,EF-PD,source_norm,macro_auprc,0.8907888710393952
hospital,101,EF-PD,source_norm,nll,0.275880564745901
hospital,101,EF-PD,source_norm,class_1_precision,0.9123307568605074
hospital,101,EF-PD,source_norm,class_1_recall,0.9839982095898842
hospital,101,EF-PD,source_norm,class_1_f1,0.9468102288021535
hospital,101,EF-PD,source_norm,class_1_auroc,0.9802080669676811
hospital,101,EF-PD,source_norm,class_1_auprc,0.9970451911586764
hospital,101,EF-PD,source_norm,class_2_precision,0.8125
hospital,101,EF-PD,source_norm,class_2_recall,0.4230769230769231
hospital,101,EF-PD,source_norm,class_2_f1,0.556420233463035
hospital,101,EF-PD,source_norm,class_2_auroc,0.9802080839454741
hospital,101,EF-PD,source_norm,class_2_auprc,0.784532550920114
hospital,101,EF-PD,source_norm,brier,0.15664574347420906
hospital,101,EF-PD,source_norm,ece15,0.07135438004372426
hospital,101,EF-PD,source_norm,reversed_auroc,0.019791910748965736
hospital,101,EF-PD,source_norm,recall_return_air_temperature_fault,0.42259938489577403
hospital,101,EF-PD,source_norm,recall_supply_air_temperature_fault,0.8888888888888888
hospital,101,EF-PD,source_norm,selective_error_at_0.5,0.0
hospital,101,EF-PD,source_norm,selective_error_at_0.8,0.0002804206309464652
hospital,101,EF-PD,source_norm,selective_error_at_1,0.09498934414408644
hospital,101,EF-PD,source_norm,parameters,12354.0
hospital,101,EF-PD,source_norm,train_seconds,16.024550699992687
hospital,101,EF-PD,source_norm,epochs,12.0
hospital,101,EF-PD,source_norm,inference_ms_per_observation,0.0002995032609406973
hospital,101,EF-PD,target_norm,accuracy,0.8023138429983816
hospital,101,EF-PD,target_norm,macro_f1,0.4880252926724523
hospital,101,EF-PD,target_norm,macro_auroc,0.5360490678542361
hospital,101,EF-PD,target_norm,macro_auprc,0.518508640109751
hospital,101,EF-PD,target_norm,nll,1.3399596064623578
hospital,101,EF-PD,target_norm,class_1_precision,0.8578288606892726
hospital,101,EF-PD,target_norm,class_1_recall,0.9228631641768776
hospital,101,EF-PD,target_norm,class_1_f1,0.8891584234027834
hospital,101,EF-PD,target_norm,class_1_auroc,0.5360694162694436
hospital,101,EF-PD,target_norm,class_1_auprc,0.863933112564157
hospital,101,EF-PD,target_norm,class_2_precision,0.12428541181452467
hospital,101,EF-PD,target_norm,class_2_recall,0.06679563040509787
hospital,101,EF-PD,target_norm,class_2_f1,0.08689216194212124
hospital,101,EF-PD,target_norm,class_2_auroc,0.5360287194390286
hospital,101,EF-PD,target_norm,class_2_auprc,0.1730841676553449
hospital,101,EF-PD,target_norm,brier,0.3712335528530016
hospital,101,EF-PD,target_norm,ece15,0.17633530123201277
hospital,101,EF-PD,target_norm,reversed_auroc,0.4639348048342873
hospital,101,EF-PD,target_norm,recall_return_air_temperature_fault,0.06583893381934161
hospital,101,EF-PD,target_norm,recall_supply_air_temperature_fault,1.0
hospital,101,EF-PD,target_norm,selective_error_at_0.5,0.1218152100759542
hospital,101,EF-PD,target_norm,selective_error_at_0.8,0.14459689534301456
hospital,101,EF-PD,target_norm,selective_error_at_1,0.1976861570016184
hospital,101,EF-PD,target_norm,parameters,12354.0
hospital,101,EF-PD,target_norm,train_seconds,16.024550699992687
hospital,101,EF-PD,target_norm,epochs,12.0
hospital,101,EF-PD,target_norm,inference_ms_per_observation,0.00028035957486958145
hospital,101,EF-PD,coral_adapt,accuracy,0.7515663307000817
hospital,101,EF-PD,coral_adapt,macro_f1,0.5294820203837209
hospital,101,EF-PD,coral_adapt,macro_auroc,0.5585679362940245
hospital,101,EF-PD,coral_adapt,macro_auprc,0.5210612430220631
hospital,101,EF-PD,coral_adapt,nll,1.5966010702267492
hospital,101,EF-PD,coral_adapt,class_1_precision,0.8688810173625225
hospital,101,EF-PD,coral_adapt,class_1_recall,0.8371845800928776
hospital,101,EF-PD,coral_adapt,class_1_f1,0.8527383598335898
hospital,101,EF-PD,coral_adapt,class_1_auroc,0.559245666437492
hospital,101,EF-PD,coral_adapt,class_1_auprc,0.8639029977077947
hospital,101,EF-PD,coral_adapt,class_2_precision,0.1874534623976173
hospital,101,EF-PD,coral_adapt,class_2_recall,0.22917614929449248
hospital,101,EF-PD,coral_adapt,class_2_f1,0.20622568093385213
hospital,101,EF-PD,coral_adapt,class_2_auroc,0.557890206150557
hospital,101,EF-PD,coral_adapt,class_2_auprc,0.17821948833633172
hospital,101,EF-PD,coral_adapt,brier,0.44982348153063645
hospital,101,EF-PD,coral_adapt,ece15,0.213069301367146
hospital,101,EF-PD,coral_adapt,reversed_auroc,0.44092051750383693
hospital,101,EF-PD,coral_adapt,recall_return_air_temperature_fault,0.22838592094771615
hospital,101,EF-PD,coral_adapt,recall_supply_air_temperature_fault,1.0
hospital,101,EF-PD,coral_adapt,selective_error_at_0.5,0.1556581097971349
hospital,101,EF-PD,coral_adapt,selective_error_at_0.8,0.19056584877315974
hospital,101,EF-PD,coral_adapt,selective_error_at_1,0.24843366929991828
hospital,101,EF-PD,coral_adapt,parameters,12354.0
hospital,101,EF-PD,coral_adapt,train_seconds,16.024550699992687
hospital,101,EF-PD,coral_adapt,epochs,12.0
hospital,101,EF-PD,coral_adapt,inference_ms_per_observation,0.0002527825403499367
hospital,101,RO-PDRF-NOQ,source_norm,accuracy,0.7367122277949589
hospital,101,RO-PDRF-NOQ,source_norm,macro_f1,0.4615586299414272
hospital,101,RO-PDRF-NOQ,source_norm,macro_auroc,0.30609849882525986
hospital,101,RO-PDRF-NOQ,source_norm,macro_auprc,0.43266937800074773
hospital,101,RO-PDRF-NOQ,source_norm,nll,0.9770061147733715
hospital,101,RO-PDRF-NOQ,source_norm,class_1_precision,0.8482022471910112
hospital,101,RO-PDRF-NOQ,source_norm,class_1_recall,0.8447378727689812
hospital,101,RO-PDRF-NOQ,source_norm,class_1_f1,0.8464665152916772
hospital,101,RO-PDRF-NOQ,source_norm,class_1_auroc,0.30609856620587494
hospital,101,RO-PDRF-NOQ,source_norm,class_1_auprc,0.7631402663219371
hospital,101,RO-PDRF-NOQ,source_norm,class_2_precision,0.07571888531142444
hospital,101,RO-PDRF-NOQ,source_norm,class_2_recall,0.07760582612653619
hospital,101,RO-PDRF-NOQ,source_norm,class_2_f1,0.0766507445911773
hospital,101,RO-PDRF-NOQ,source_norm,class_2_auroc,0.3060984314446447
hospital,101,RO-PDRF-NOQ,source_norm,class_2_auprc,0.10219848967955839
hospital,101,RO-PDRF-NOQ,source_norm,brier,0.4027122469946937
hospital,101,RO-PDRF-NOQ,source_norm,ece15,0.12485124787222693
hospital,101,RO-PDRF-NOQ,source_norm,reversed_auroc,0.693901412571884
hospital,101,RO-PDRF-NOQ,source_norm,recall_return_air_temperature_fault,0.07757147738922429
hospital,101,RO-PDRF-NOQ,source_norm,recall_supply_air_temperature_fault,0.1111111111111111
hospital,101,RO-PDRF-NOQ,source_norm,selective_error_at_0.5,0.21020414703714385
hospital,101,RO-PDRF-NOQ,source_norm,selective_error_at_0.8,0.20893340010015027
hospital,101,RO-PDRF-NOQ,source_norm,selective_error_at_1,0.26328777220504107
hospital,101,RO-PDRF-NOQ,source_norm,parameters,15055.0
hospital,101,RO-PDRF-NOQ,source_norm,train_seconds,56.224068600000464
hospital,101,RO-PDRF-NOQ,source_norm,epochs,12.0
hospital,101,RO-PDRF-NOQ,source_norm,inference_ms_per_observation,0.0005253961895275344
hospital,101,RO-PDRF-NOQ,target_norm,accuracy,0.648260611790344
hospital,101,RO-PDRF-NOQ,target_norm,macro_f1,0.46720062496554793
hospital,101,RO-PDRF-NOQ,target_norm,macro_auroc,0.3586619140009771
hospital,101,RO-PDRF-NOQ,target_norm,macro_auprc,0.44555656931151555
hospital,101,RO-PDRF-NOQ,target_norm,nll,0.7927991425103094
hospital,101,RO-PDRF-NOQ,target_norm,class_1_precision,0.850557917109458
hospital,101,RO-PDRF-NOQ,target_norm,class_1_recall,0.7164997482235774
hospital,101,RO-PDRF-NOQ,target_norm,class_1_f1,0.7777946490935042
hospital,101,RO-PDRF-NOQ,target_norm,class_1_auroc,0.3586619177148692
hospital,101,RO-PDRF-NOQ,target_norm,class_1_auprc,0.7724894262731611
hospital,101,RO-PDRF-NOQ,target_norm,class_2_precision,0.11822031440338766
hospital,101,RO-PDRF-NOQ,target_norm,class_2_recall,0.23190714610832955
hospital,101,RO-PDRF-NOQ,target_norm,class_2_f1,0.15660660083759173
hospital,101,RO-PDRF-NOQ,target_norm,class_2_auroc,0.35866191028708494
hospital,101,RO-PDRF-NOQ,target_norm,class_2_auprc,0.11862371234987001
hospital,101,RO-PDRF-NOQ,target_norm,brier,0.46152679096077226
hospital,101,RO-PDRF-NOQ,target_norm,ece15,0.14455659759557152
hospital,101,RO-PDRF-NOQ,target_norm,reversed_auroc,0.641338090774027
hospital,101,RO-PDRF-NOQ,target_norm,recall_return_air_temperature_fault,0.2311197175076888
hospital,101,RO-PDRF-NOQ,target_norm,recall_supply_air_temperature_fault,1.0
hospital,101,RO-PDRF-NOQ,target_norm,selective_error_at_0.5,0.2127039066756402
hospital,101,RO-PDRF-NOQ,target_norm,selective_error_at_0.8,0.31955933900851274
hospital,101,RO-PDRF-NOQ,target_norm,selective_error_at_1,0.351739388209656
hospital,101,RO-PDRF-NOQ,target_norm,parameters,15055.0
hospital,101,RO-PDRF-NOQ,target_norm,train_seconds,56.224068600000464
hospital,101,RO-PDRF-NOQ,target_norm,epochs,12.0
hospital,101,RO-PDRF-NOQ,target_norm,inference_ms_per_observation,0.00048751742594040895
hospital,101,RO-PDRF-NOQ,coral_adapt,accuracy,0.6247055618760716
hospital,101,RO-PDRF-NOQ,coral_adapt,macro_f1,0.44671881653083245
hospital,101,RO-PDRF-NOQ,coral_adapt,macro_auroc,0.3694848181308702
hospital,101,RO-PDRF-NOQ,coral_adapt,macro_auprc,0.4591583348442644
hospital,101,RO-PDRF-NOQ,coral_adapt,nll,0.9540229467188308
hospital,101,RO-PDRF-NOQ,coral_adapt,class_1_precision,0.8417300380228137
hospital,101,RO-PDRF-NOQ,coral_adapt,class_1_recall,0.6936160689307894
hospital,101,RO-PDRF-NOQ,coral_adapt,class_1_f1,0.7605288181344131
hospital,101,RO-PDRF-NOQ,coral_adapt,class_1_auroc,0.36948475976970746
hospital,101,RO-PDRF-NOQ,coral_adapt,class_1_auprc,0.7894821866236477
hospital,101,RO-PDRF-NOQ,coral_adapt,class_2_precision,0.09850189321187511
hospital,101,RO-PDRF-NOQ,coral_adapt,class_2_recall,0.2042558033682294
hospital,101,RO-PDRF-NOQ,coral_adapt,class_2_f1,0.13290881492725187
hospital,101,RO-PDRF-NOQ,coral_adapt,class_2_auroc,0.3694848764920329
hospital,101,RO-PDRF-NOQ,coral_adapt,class_2_auprc,0.12883448306488104
hospital,101,RO-PDRF-NOQ,coral_adapt,brier,0.5006598006167827
hospital,101,RO-PDRF-NOQ,coral_adapt,ece15,0.18028745692772669
hospital,101,RO-PDRF-NOQ,coral_adapt,reversed_auroc,0.6305151617080009
hospital,101,RO-PDRF-NOQ,coral_adapt,recall_return_air_temperature_fault,0.2034400273379656
hospital,101,RO-PDRF-NOQ,coral_adapt,recall_supply_air_temperature_fault,1.0
hospital,101,RO-PDRF-NOQ,coral_adapt,selective_error_at_0.5,0.2328301765855847
hospital,101,RO-PDRF-NOQ,coral_adapt,selective_error_at_0.8,0.3384076114171257
hospital,101,RO-PDRF-NOQ,coral_adapt,selective_error_at_1,0.3752944381239284
hospital,101,RO-PDRF-NOQ,coral_adapt,parameters,15055.0
hospital,101,RO-PDRF-NOQ,coral_adapt,train_seconds,56.224068600000464
hospital,101,RO-PDRF-NOQ,coral_adapt,epochs,12.0
hospital,101,RO-PDRF-NOQ,coral_adapt,inference_ms_per_observation,0.0005057830052315064
hospital,101,GroupDRO-EF-PD,source_only,accuracy,0.8912301504638903
hospital,101,GroupDRO-EF-PD,source_only,macro_f1,0.6882881975649608
hospital,101,GroupDRO-EF-PD,source_only,macro_auroc,0.9790148767102824
hospital,101,GroupDRO-EF-PD,source_only,macro_auprc,0.8981633326527214
hospital,101,GroupDRO-EF-PD,source_only,nll,0.3979420580082082
hospital,101,GroupDRO-EF-PD,source_only,class_1_precision,0.8959132948954229
hospital,101,GroupDRO-EF-PD,source_only,class_1_recall,0.9882131334042037
hospital,101,GroupDRO-EF-PD,source_only,class_1_f1,0.9398024157074192
hospital,101,GroupDRO-EF-PD,source_only,class_1_auroc,0.9790148645074939
hospital,101,GroupDRO-EF-PD,source_only,class_1_auprc,0.9968378513720381
hospital,101,GroupDRO-EF-PD,source_only,class_2_precision,0.8063725490196079
hospital,101,GroupDRO-EF-PD,source_only,class_2_recall,0.29949931725079654
hospital,101,GroupDRO-EF-PD,source_only,class_2_f1,0.4367739794225025
hospital,101,GroupDRO-EF-PD,source_only,class_2_auroc,0.979014888913071
hospital,101,GroupDRO-EF-PD,source_only,class_2_auprc,0.7994888139334047
hospital,101,GroupDRO-EF-PD,source_only,brier,0.18724892063584866
hospital,101,GroupDRO-EF-PD,source_only,ece15,0.08636583562371539
hospital,101,GroupDRO-EF-PD,source_only,reversed_auroc,0.020985086681351947
hospital,101,GroupDRO-EF-PD,source_only,recall_return_air_temperature_fault,0.29912290693700877
hospital,101,GroupDRO-EF-PD,source_only,recall_supply_air_temperature_fault,0.6666666666666666
hospital,101,GroupDRO-EF-PD,source_only,selective_error_at_0.5,3.204820049351742e-05
hospital,101,GroupDRO-EF-PD,source_only,selective_error_at_0.8,0.0012218327491236858
hospital,101,GroupDRO-EF-PD,source_only,selective_error_at_1,0.10876984953610969
hospital,101,GroupDRO-EF-PD,source_only,train_seconds,17.917098899997654
hospital,101,GroupDRO-EF-PD,source_only,parameters,12354.0
hospital,101,GroupDRO-EF-PD,source_only,epochs,12.0
hospital,101,GroupDRO-EF-PD,source_only,inference_ms_per_observation,0.00019963305400404245
hospital,101,HGB-current,source_only,accuracy,0.8746294486195458
hospital,101,HGB-current,source_only,macro_f1,0.5737154428054215
hospital,101,HGB-current,source_only,macro_auroc,0.5113820703880104
hospital,101,HGB-current,source_only,macro_auprc,0.5784150195436584
hospital,101,HGB-current,source_only,nll,0.9666497620690001
hospital,101,HGB-current,source_only,class_1_precision,0.8740138187876709
hospital,101,HGB-current,source_only,class_1_recall,0.9979298383035864
hospital,101,HGB-current,source_only,class_1_f1,0.9318704284221525
hospital,101,HGB-current,source_only,class_1_auroc,0.5113820703880104
hospital,101,HGB-current,source_only,class_1_auprc,0.837851835497412
hospital,101,HGB-current,source_only,class_2_precision,0.9064080944350759
hospital,101,HGB-current,source_only,class_2_recall,0.12232589895311789
hospital,101,HGB-current,source_only,class_2_f1,0.2155604571886906
hospital,101,HGB-current,source_only,class_2_auroc,0.5113820703880104
hospital,101,HGB-current,source_only,class_2_auprc,0.3189782035899047
hospital,101,HGB-current,source_only,brier,0.24870346091858048
hospital,101,HGB-current,source_only,ece15,0.12384608901553341
hospital,101,HGB-current,source_only,reversed_auroc,0.48861792961198963
hospital,101,HGB-current,source_only,recall_return_air_temperature_fault,0.1215400387287846
hospital,101,HGB-current,source_only,recall_supply_air_temperature_fault,0.8888888888888888
hospital,101,HGB-current,source_only,selective_error_at_0.5,0.154183892574432
hospital,101,HGB-current,source_only,selective_error_at_0.8,0.0998297446169254
hospital,101,HGB-current,source_only,selective_error_at_1,0.12537055138045416
hospital,101,HGB-current,source_only,train_seconds,1.7002937999932328
hospital,101,HGB-current,source_only,parameters,
hospital,101,HGB-current,source_only,epochs,
hospital,101,HGB-current,source_only,inference_ms_per_observation,
hospital,102,EF-PD,source_norm,accuracy,0.8880093579245918
hospital,102,EF-PD,source_norm,macro_f1,0.6618791252106024
hospital,102,EF-PD,source_norm,macro_auroc,0.9880910535240792
hospital,102,EF-PD,source_norm,macro_auprc,0.9278841379966251
hospital,102,EF-PD,source_norm,nll,0.26747544485258773
hospital,102,EF-PD,source_norm,class_1_precision,0.8897265311580637
hospital,102,EF-PD,source_norm,class_1_recall,0.9926891586937466
hospital,102,EF-PD,source_norm,class_1_f1,0.9383919677723614
hospital,102,EF-PD,source_norm,class_1_auroc,0.9880910588296394
hospital,102,EF-PD,source_norm,class_1_auprc,0.9982378433649639
hospital,102,EF-PD,source_norm,class_2_precision,0.8482384823848238
hospital,102,EF-PD,source_norm,class_2_recall,0.24931725079654074
hospital,102,EF-PD,source_norm,class_2_f1,0.38536628264884354
hospital,102,EF-PD,source_norm,class_2_auroc,0.9880910482185189
hospital,102,EF-PD,source_norm,class_2_auprc,0.8575304326282862
hospital,102,EF-PD,source_norm,brier,0.16444470186696672
hospital,102,EF-PD,source_norm,ece15,0.08095986427126842
hospital,102,EF-PD,source_norm,reversed_auroc,0.011908947537032874
hospital,102,EF-PD,source_norm,recall_return_air_temperature_fault,0.24866157876751338
hospital,102,EF-PD,source_norm,recall_supply_air_temperature_fault,0.8888888888888888
hospital,102,EF-PD,source_norm,selective_error_at_0.5,0.0
hospital,102,EF-PD,source_norm,selective_error_at_0.8,0.00014021031547317708
hospital,102,EF-PD,source_norm,selective_error_at_1,0.11199064207540821
hospital,102,EF-PD,source_norm,parameters,12354.0
hospital,102,EF-PD,source_norm,train_seconds,15.626698799998849
hospital,102,EF-PD,source_norm,epochs,12.0
hospital,102,EF-PD,source_norm,inference_ms_per_observation,0.0002391350329371495
hospital,102,EF-PD,target_norm,accuracy,0.8221353373820245
hospital,102,EF-PD,target_norm,macro_f1,0.4952820636248529
hospital,102,EF-PD,target_norm,macro_auroc,0.5212574582276477
hospital,102,EF-PD,target_norm,macro_auprc,0.5177857783424865
hospital,102,EF-PD,target_norm,nll,1.6876218810021721
hospital,102,EF-PD,target_norm,class_1_precision,0.8602755511871071
hospital,102,EF-PD,target_norm,class_1_recall,0.9467539491598127
hospital,102,EF-PD,target_norm,class_1_f1,0.9014454664914586
hospital,102,EF-PD,target_norm,class_1_auroc,0.5196914955935454
hospital,102,EF-PD,target_norm,class_1_auprc,0.8803016159841468
hospital,102,EF-PD,target_norm,class_2_precision,0.1597998822836963
hospital,102,EF-PD,target_norm,class_2_recall,0.06178880291306327
hospital,102,EF-PD,target_norm,class_2_f1,0.08911866075824718
hospital,102,EF-PD,target_norm,class_2_auroc,0.5228234208617498
hospital,102,EF-PD,target_norm,class_2_auprc,0.15526994070082623
hospital,102,EF-PD,target_norm,brier,0.34169095668561816
hospital,102,EF-PD,target_norm,ece15,0.16478648071997215
hospital,102,EF-PD,target_norm,reversed_auroc,0.47867553997424284
hospital,102,EF-PD,target_norm,recall_return_air_temperature_fault,0.06082697345939173
hospital,102,EF-PD,target_norm,recall_supply_air_temperature_fault,1.0
hospital,102,EF-PD,target_norm,selective_error_at_0.5,0.1471332884658526
hospital,102,EF-PD,target_norm,selective_error_at_0.8,0.14659989984977462
hospital,102,EF-PD,target_norm,selective_error_at_1,0.1778646626179755
hospital,102,EF-PD,target_norm,parameters,12354.0
hospital,102,EF-PD,target_norm,train_seconds,15.626698799998849
hospital,102,EF-PD,target_norm,epochs,12.0
hospital,102,EF-PD,target_norm,inference_ms_per_observation,0.00021286554397505927
hospital,102,EF-PD,coral_adapt,accuracy,0.7728139471533642
hospital,102,EF-PD,coral_adapt,macro_f1,0.5576427874583909
hospital,102,EF-PD,coral_adapt,macro_auroc,0.6375751959175743
hospital,102,EF-PD,coral_adapt,macro_auprc,0.5622444816988745
hospital,102,EF-PD,coral_adapt,nll,1.60622156410218
hospital,102,EF-PD,coral_adapt,class_1_precision,0.8769713073232275
hospital,102,EF-PD,coral_adapt,class_1_recall,0.8556108842014958
hospital,102,EF-PD,coral_adapt,class_1_f1,0.8661594230260922
hospital,102,EF-PD,coral_adapt,class_1_auroc,0.6365551547409938
hospital,102,EF-PD,coral_adapt,class_1_auprc,0.9133182521186283
hospital,102,EF-PD,coral_adapt,class_2_precision,0.23300970873786409
hospital,102,EF-PD,coral_adapt,class_2_recall,0.267637687756031
hospital,102,EF-PD,coral_adapt,class_2_f1,0.24912615189068954
hospital,102,EF-PD,coral_adapt,class_2_auroc,0.6385952370941548
hospital,102,EF-PD,coral_adapt,class_2_auprc,0.21117071127912074
hospital,102,EF-PD,coral_adapt,brier,0.42436298987721427
hospital,102,EF-PD,coral_adapt,ece15,0.2022929717273918
hospital,102,EF-PD,coral_adapt,reversed_auroc,0.36154087174836963
hospital,102,EF-PD,coral_adapt,recall_return_air_temperature_fault,0.2668868891673311
hospital,102,EF-PD,coral_adapt,recall_supply_air_temperature_fault,1.0
hospital,102,EF-PD,coral_adapt,selective_error_at_0.5,0.10511809761881874
hospital,102,EF-PD,coral_adapt,selective_error_at_0.8,0.17740610916374566
hospital,102,EF-PD,coral_adapt,selective_error_at_1,0.22718605284663584
hospital,102,EF-PD,coral_adapt,parameters,12354.0
hospital,102,EF-PD,coral_adapt,train_seconds,15.626698799998849
hospital,102,EF-PD,coral_adapt,epochs,12.0
hospital,102,EF-PD,coral_adapt,inference_ms_per_observation,0.00022883009930974786
hospital,102,RO-PDRF-NOQ,source_norm,accuracy,0.7686157001618408
hospital,102,RO-PDRF-NOQ,source_norm,macro_f1,0.4727499886833606
hospital,102,RO-PDRF-NOQ,source_norm,macro_auroc,0.29420749044852723
hospital,102,RO-PDRF-NOQ,source_norm,macro_auprc,0.4302831527751392
hospital,102,RO-PDRF-NOQ,source_norm,nll,0.9230425287316053
hospital,102,RO-PDRF-NOQ,source_norm,class_1_precision,0.8527288114230153
hospital,102,RO-PDRF-NOQ,source_norm,class_1_recall,0.88323169025905
hospital,102,RO-PDRF-NOQ,source_norm,class_1_f1,0.8677122650152076
hospital,102,RO-PDRF-NOQ,source_norm,class_1_auroc,0.29420749310130734
hospital,102,RO-PDRF-NOQ,source_norm,class_1_auprc,0.7590763233219805
hospital,102,RO-PDRF-NOQ,source_norm,class_2_precision,0.08864628820960699
hospital,102,RO-PDRF-NOQ,source_norm,class_2_recall,0.06929904415111515
hospital,102,RO-PDRF-NOQ,source_norm,class_2_f1,0.0777877123515136
hospital,102,RO-PDRF-NOQ,source_norm,class_2_auroc,0.2942074877957471
hospital,102,RO-PDRF-NOQ,source_norm,class_2_auprc,0.10148998222829783
hospital,102,RO-PDRF-NOQ,source_norm,brier,0.3781738003068246
hospital,102,RO-PDRF-NOQ,source_norm,ece15,0.14921622096022324
hospital,102,RO-PDRF-NOQ,source_norm,reversed_auroc,0.7057925270598217
hospital,102,RO-PDRF-NOQ,source_norm,recall_return_air_temperature_fault,0.06925617951930743
hospital,102,RO-PDRF-NOQ,source_norm,recall_supply_air_temperature_fault,0.1111111111111111
hospital,102,RO-PDRF-NOQ,source_norm,selective_error_at_0.5,0.21808800435855524
hospital,102,RO-PDRF-NOQ,source_norm,selective_error_at_0.8,0.17692538808212321
hospital,102,RO-PDRF-NOQ,source_norm,selective_error_at_1,0.23138429983815922
hospital,102,RO-PDRF-NOQ,source_norm,parameters,15055.0
hospital,102,RO-PDRF-NOQ,source_norm,train_seconds,55.92955049999
hospital,102,RO-PDRF-NOQ,source_norm,epochs,12.0
hospital,102,RO-PDRF-NOQ,source_norm,inference_ms_per_observation,0.0006222186613120905
hospital,102,RO-PDRF-NOQ,target_norm,accuracy,0.6871825276010703
hospital,102,RO-PDRF-NOQ,target_norm,macro_f1,0.47252890094032296
hospital,102,RO-PDRF-NOQ,target_norm,macro_auroc,0.3601593691189722
hospital,102,RO-PDRF-NOQ,target_norm,macro_auprc,0.44510987823026515
hospital,102,RO-PDRF-NOQ,target_norm,nll,0.7409883916732358
hospital,102,RO-PDRF-NOQ,target_norm,class_1_precision,0.8507993991645919
hospital,102,RO-PDRF-NOQ,target_norm,class_1_recall,0.7711445569667469
hospital,102,RO-PDRF-NOQ,target_norm,class_1_f1,0.809016024574928
hospital,102,RO-PDRF-NOQ,target_norm,class_1_auroc,0.36015938132176073
hospital,102,RO-PDRF-NOQ,target_norm,class_1_auprc,0.7721060276574812
hospital,102,RO-PDRF-NOQ,target_norm,class_2_precision,0.11131228273464658
hospital,102,RO-PDRF-NOQ,target_norm,class_2_recall,0.1748975876194811
hospital,102,RO-PDRF-NOQ,target_norm,class_2_f1,0.13604177730571781
hospital,102,RO-PDRF-NOQ,target_norm,class_2_auroc,0.36015935691618356
hospital,102,RO-PDRF-NOQ,target_norm,class_2_auprc,0.11811372880304916
hospital,102,RO-PDRF-NOQ,target_norm,brier,0.42980928676034297
hospital,102,RO-PDRF-NOQ,target_norm,ece15,0.12031532727789711
hospital,102,RO-PDRF-NOQ,target_norm,reversed_auroc,0.6398406377782562
hospital,102,RO-PDRF-NOQ,target_norm,recall_return_air_temperature_fault,0.17405171431825947
hospital,102,RO-PDRF-NOQ,target_norm,recall_supply_air_temperature_fault,1.0
hospital,102,RO-PDRF-NOQ,target_norm,selective_error_at_0.5,0.1881870332980803
hospital,102,RO-PDRF-NOQ,target_norm,selective_error_at_0.8,0.26702053079619426
hospital,102,RO-PDRF-NOQ,target_norm,selective_error_at_1,0.31281747239892965
hospital,102,RO-PDRF-NOQ,target_norm,parameters,15055.0
hospital,102,RO-PDRF-NOQ,target_norm,train_seconds,55.92955049999
hospital,102,RO-PDRF-NOQ,target_norm,epochs,12.0
hospital,102,RO-PDRF-NOQ,target_norm,inference_ms_per_observation,0.0005923678433441966
hospital,102,RO-PDRF-NOQ,coral_adapt,accuracy,0.6280545451632028
hospital,102,RO-PDRF-NOQ,coral_adapt,macro_f1,0.4533088764257625
hospital,102,RO-PDRF-NOQ,coral_adapt,macro_auroc,0.36969656781525084
hospital,102,RO-PDRF-NOQ,coral_adapt,macro_auprc,0.464828624338283
hospital,102,RO-PDRF-NOQ,coral_adapt,nll,0.9593694607553974
hospital,102,RO-PDRF-NOQ,coral_adapt,class_1_precision,0.8449774227950353
hospital,102,RO-PDRF-NOQ,coral_adapt,class_1_recall,0.694511273988698
hospital,102,RO-PDRF-NOQ,coral_adapt,class_1_f1,0.7623912375882895
hospital,102,RO-PDRF-NOQ,coral_adapt,class_1_auroc,0.36969657046803095
hospital,102,RO-PDRF-NOQ,coral_adapt,class_1_auprc,0.789712286242213
hospital,102,RO-PDRF-NOQ,coral_adapt,class_2_precision,0.10667539267015706
hospital,102,RO-PDRF-NOQ,coral_adapt,class_2_recall,0.2225762403277196
hospital,102,RO-PDRF-NOQ,coral_adapt,class_2_f1,0.14422651526323552
hospital,102,RO-PDRF-NOQ,coral_adapt,class_2_auroc,0.3696965651624707
hospital,102,RO-PDRF-NOQ,coral_adapt,class_2_auprc,0.13994496243435292
hospital,102,RO-PDRF-NOQ,coral_adapt,brier,0.5097359992108913
hospital,102,RO-PDRF-NOQ,coral_adapt,ece15,0.171414969786222
hospital,102,RO-PDRF-NOQ,coral_adapt,reversed_auroc,0.6303034454486498
hospital,102,RO-PDRF-NOQ,coral_adapt,recall_return_air_temperature_fault,0.2217792459277822
hospital,102,RO-PDRF-NOQ,coral_adapt,recall_supply_air_temperature_fault,1.0
hospital,102,RO-PDRF-NOQ,coral_adapt,selective_error_at_0.5,0.2613851232253309
hospital,102,RO-PDRF-NOQ,coral_adapt,selective_error_at_0.8,0.33590385578367554
hospital,102,RO-PDRF-NOQ,coral_adapt,selective_error_at_1,0.3719454548367972
hospital,102,RO-PDRF-NOQ,coral_adapt,parameters,15055.0
hospital,102,RO-PDRF-NOQ,coral_adapt,train_seconds,55.92955049999
hospital,102,RO-PDRF-NOQ,coral_adapt,epochs,12.0
hospital,102,RO-PDRF-NOQ,coral_adapt,inference_ms_per_observation,0.0005059208101688542
hospital,102,GroupDRO-EF-PD,source_only,accuracy,0.8868556411940968
hospital,102,GroupDRO-EF-PD,source_only,macro_f1,0.6718794861523928
hospital,102,GroupDRO-EF-PD,source_only,macro_auroc,0.9810301019831396
hospital,102,GroupDRO-EF-PD,source_only,macro_auprc,0.9043401271958084
hospital,102,GroupDRO-EF-PD,source_only,nll,0.2849345761604073
hospital,102,GroupDRO-EF-PD,source_only,class_1_precision,0.8925499983137163
hospital,102,GroupDRO-EF-PD,source_only,class_1_recall,0.9871500773979373
hospital,102,GroupDRO-EF-PD,source_only,class_1_f1,0.9374695583638119
hospital,102,GroupDRO-EF-PD,source_only,class_1_auroc,0.981030090310907
hospital,102,GroupDRO-EF-PD,source_only,class_1_auprc,0.9971519599471262
hospital,102,GroupDRO-EF-PD,source_only,class_2_precision,0.7780998389694042
hospital,102,GroupDRO-EF-PD,source_only,class_2_recall,0.2749203459262631
hospital,102,GroupDRO-EF-PD,source_only,class_2_f1,0.4062894139409737
hospital,102,GroupDRO-EF-PD,source_only,class_2_auroc,0.9810301136553721
hospital,102,GroupDRO-EF-PD,source_only,class_2_auprc,0.8115282944444905
hospital,102,GroupDRO-EF-PD,source_only,brier,0.1664858810073053
hospital,102,GroupDRO-EF-PD,source_only,ece15,0.08137351259208832
hospital,102,GroupDRO-EF-PD,source_only,reversed_auroc,0.01896990332242077
hospital,102,GroupDRO-EF-PD,source_only,recall_return_air_temperature_fault,0.2742909215172571
hospital,102,GroupDRO-EF-PD,source_only,recall_supply_air_temperature_fault,0.8888888888888888
hospital,102,GroupDRO-EF-PD,source_only,selective_error_at_0.5,0.0
hospital,102,GroupDRO-EF-PD,source_only,selective_error_at_0.8,0.0020230345518277293
hospital,102,GroupDRO-EF-PD,source_only,selective_error_at_1,0.11314435880590323
hospital,102,GroupDRO-EF-PD,source_only,train_seconds,17.882698600005824
hospital,102,GroupDRO-EF-PD,source_only,parameters,12354.0
hospital,102,GroupDRO-EF-PD,source_only,epochs,12.0
hospital,102,GroupDRO-EF-PD,source_only,inference_ms_per_observation,0.00026713349471793927
hospital,102,HGB-current,source_only,accuracy,0.8643902126364029
hospital,102,HGB-current,source_only,macro_f1,0.5107372781017894
hospital,102,HGB-current,source_only,macro_auroc,0.5209895125797084
hospital,102,HGB-current,source_only,macro_auprc,0.5895522222656924
hospital,102,HGB-current,source_only,nll,1.0300330085514564
hospital,102,HGB-current,source_only,class_1_precision,0.8650680723086376
hospital,102,HGB-current,source_only,class_1_recall,0.9977992875659748
hospital,102,HGB-current,source_only,class_1_f1,0.9267050621400424
hospital,102,HGB-current,source_only,class_1_auroc,0.5209895125797084
hospital,102,HGB-current,source_only,class_1_auprc,0.8452209764948879
hospital,102,HGB-current,source_only,class_2_precision,0.7896613190730838
hospital,102,HGB-current,source_only,class_2_recall,0.05040964952207556
hospital,102,HGB-current,source_only,class_2_f1,0.09476949406353621
hospital,102,HGB-current,source_only,class_2_auroc,0.5209895125797083
hospital,102,HGB-current,source_only,class_2_auprc,0.3338834680364969
hospital,102,HGB-current,source_only,brier,0.25720112325687966
hospital,102,HGB-current,source_only,ece15,0.12745397057741312
hospital,102,HGB-current,source_only,reversed_auroc,0.4790104874202917
hospital,102,HGB-current,source_only,recall_return_air_temperature_fault,0.0495500626495045
hospital,102,HGB-current,source_only,recall_supply_air_temperature_fault,0.8888888888888888
hospital,102,HGB-current,source_only,selective_error_at_0.5,0.15411979617344485
hospital,102,HGB-current,source_only,selective_error_at_0.8,0.1002103154732098
hospital,102,HGB-current,source_only,selective_error_at_1,0.13560978736359708
hospital,102,HGB-current,source_only,train_seconds,1.6510276999906637
hospital,102,HGB-current,source_only,parameters,
hospital,102,HGB-current,source_only,epochs,
hospital,102,HGB-current,source_only,inference_ms_per_observation,
hospital,103,EF-PD,source_norm,accuracy,0.8876728572115308
hospital,103,EF-PD,source_norm,macro_f1,0.6669888205794607
hospital,103,EF-PD,source_norm,macro_auroc,0.984806335018048
hospital,103,EF-PD,source_norm,macro_auprc,0.9269314407900655
hospital,103,EF-PD,source_norm,nll,0.29870121157603047
hospital,103,EF-PD,source_norm,class_1_precision,0.8910741554932792
hospital,103,EF-PD,source_norm,class_1_recall,0.9903205953113635
hospital,103,EF-PD,source_norm,class_1_f1,0.9380796749403763
hospital,103,EF-PD,source_norm,class_1_auroc,0.98480633342638
hospital,103,EF-PD,source_norm,class_1_auprc,0.997725502187724
hospital,103,EF-PD,source_norm,class_2_precision,0.8156960227272727
hospital,103,EF-PD,source_norm,class_2_recall,0.2613791533909877
hospital,103,EF-PD,source_norm,class_2_f1,0.39589796621854534
hospital,103,EF-PD,source_norm,class_2_auroc,0.9848063366097162
hospital,103,EF-PD,source_norm,class_2_auprc,0.856137379392407
hospital,103,EF-PD,source_norm,brier,0.16959850855442873
hospital,103,EF-PD,source_norm,ece15,0.07937991767722968
hospital,103,EF-PD,source_norm,reversed_auroc,0.015193661268059629
hospital,103,EF-PD,source_norm,recall_return_air_temperature_fault,0.26073584690739265
hospital,103,EF-PD,source_norm,recall_supply_air_temperature_fault,0.8888888888888888
hospital,103,EF-PD,source_norm,selective_error_at_0.5,0.0
hospital,103,EF-PD,source_norm,selective_error_at_0.8,0.00012018027040561208
hospital,103,EF-PD,source_norm,selective_error_at_1,0.11232714278846923
hospital,103,EF-PD,source_norm,parameters,12354.0
hospital,103,EF-PD,source_norm,train_seconds,13.778552299991134
hospital,103,EF-PD,source_norm,epochs,12.0
hospital,103,EF-PD,source_norm,inference_ms_per_observation,0.0001947137341394261
hospital,103,EF-PD,target_norm,accuracy,0.819090807120996
hospital,103,EF-PD,target_norm,macro_f1,0.4965635594011403
hospital,103,EF-PD,target_norm,macro_auroc,0.606505628736775
hospital,103,EF-PD,target_norm,macro_auprc,0.5518588859928907
hospital,103,EF-PD,target_norm,nll,1.1776761716252007
hospital,103,EF-PD,target_norm,class_1_precision,0.8603142716083011
hospital,103,EF-PD,target_norm,class_1_recall,0.9424644249240008
hospital,103,EF-PD,target_norm,class_1_f1,0.8995176133430641
hospital,103,EF-PD,target_norm,class_1_auroc,0.6065060330204657
hospital,103,EF-PD,target_norm,class_1_auprc,0.9178225294037056
hospital,103,EF-PD,target_norm,class_2_precision,0.1589422028353326
hospital,103,EF-PD,target_norm,class_2_recall,0.06634046426945835
hospital,103,EF-PD,target_norm,class_2_f1,0.09360950545921644
hospital,103,EF-PD,target_norm,class_2_auroc,0.6065052244530844
hospital,103,EF-PD,target_norm,class_2_auprc,0.18589524258207574
hospital,103,EF-PD,target_norm,brier,0.3444177049540204
hospital,103,EF-PD,target_norm,ece15,0.1618986288707735
hospital,103,EF-PD,target_norm,reversed_auroc,0.39349543343638593
hospital,103,EF-PD,target_norm,recall_return_air_temperature_fault,0.06538330105934617
hospital,103,EF-PD,target_norm,recall_supply_air_temperature_fault,1.0
hospital,103,EF-PD,target_norm,selective_error_at_0.5,0.13370509245905837
hospital,103,EF-PD,target_norm,selective_error_at_0.8,0.13374061091637457
hospital,103,EF-PD,target_norm,selective_error_at_1,0.18090919287900398
hospital,103,EF-PD,target_norm,parameters,12354.0
hospital,103,EF-PD,target_norm,train_seconds,13.778552299991134
hospital,103,EF-PD,target_norm,epochs,12.0
hospital,103,EF-PD,target_norm,inference_ms_per_observation,0.00018398256606123165
hospital,103,EF-PD,coral_adapt,accuracy,0.7709391574663099
hospital,103,EF-PD,coral_adapt,macro_f1,0.5386613867376691
hospital,103,EF-PD,coral_adapt,macro_auroc,0.6887282127911318
hospital,103,EF-PD,coral_adapt,macro_auprc,0.5790225670676203
hospital,103,EF-PD,coral_adapt,nll,1.2996572062886411
hospital,103,EF-PD,coral_adapt,class_1_precision,0.8704918032786885
hospital,103,EF-PD,coral_adapt,class_1_recall,0.8615789179208863
hospital,103,EF-PD,coral_adapt,class_1_f1,0.8660124286477519
hospital,103,EF-PD,coral_adapt,class_1_auroc,0.6887022426042888
hospital,103,EF-PD,coral_adapt,class_1_auprc,0.923609576035912
hospital,103,EF-PD,coral_adapt,class_2_precision,0.20509799721537966
hospital,103,EF-PD,coral_adapt,class_2_recall,0.21791078743741465
hospital,103,EF-PD,coral_adapt,class_2_f1,0.2113103448275862
hospital,103,EF-PD,coral_adapt,class_2_auroc,0.688754182977975
hospital,103,EF-PD,coral_adapt,class_2_auprc,0.23443555809932867
hospital,103,EF-PD,coral_adapt,brier,0.4220161065129529
hospital,103,EF-PD,coral_adapt,ece15,0.2028263144107092
hospital,103,EF-PD,coral_adapt,reversed_auroc,0.31124965506430624
hospital,103,EF-PD,coral_adapt,recall_return_air_temperature_fault,0.2171090101378289
hospital,103,EF-PD,coral_adapt,recall_supply_air_temperature_fault,1.0
hospital,103,EF-PD,coral_adapt,selective_error_at_0.5,0.06095567733871743
hospital,103,EF-PD,coral_adapt,selective_error_at_0.8,0.1716374561842764
hospital,103,EF-PD,coral_adapt,selective_error_at_1,0.22906084253369008
hospital,103,EF-PD,coral_adapt,parameters,12354.0
hospital,103,EF-PD,coral_adapt,train_seconds,13.778552299991134
hospital,103,EF-PD,coral_adapt,epochs,12.0
hospital,103,EF-PD,coral_adapt,inference_ms_per_observation,0.00017689521998790655
hospital,103,RO-PDRF-NOQ,source_norm,accuracy,0.7719166119185348
hospital,103,RO-PDRF-NOQ,source_norm,macro_f1,0.4746268570101971
hospital,103,RO-PDRF-NOQ,source_norm,macro_auroc,0.2938818346301354
hospital,103,RO-PDRF-NOQ,source_norm,macro_auprc,0.42910128835321926
hospital,103,RO-PDRF-NOQ,source_norm,nll,0.9264320790233134
hospital,103,RO-PDRF-NOQ,source_norm,class_1_precision,0.8533364433997811
hospital,103,RO-PDRF-NOQ,source_norm,class_1_recall,0.8869803614390421
hospital,103,RO-PDRF-NOQ,source_norm,class_1_f1,0.869833199209891
hospital,103,RO-PDRF-NOQ,source_norm,class_1_auroc,0.29388183569124743
hospital,103,RO-PDRF-NOQ,source_norm,class_1_auprc,0.7576091726583798
hospital,103,RO-PDRF-NOQ,source_norm,class_2_precision,0.0919988013185496
hospital,103,RO-PDRF-NOQ,source_norm,class_2_recall,0.06986800182066455
hospital,103,RO-PDRF-NOQ,source_norm,class_2_f1,0.07942051481050316
hospital,103,RO-PDRF-NOQ,source_norm,class_2_auroc,0.2938818335690233
hospital,103,RO-PDRF-NOQ,source_norm,class_2_auprc,0.10059340404805867
hospital,103,RO-PDRF-NOQ,source_norm,brier,0.3785751352477832
hospital,103,RO-PDRF-NOQ,source_norm,ece15,0.15293117595730954
hospital,103,RO-PDRF-NOQ,source_norm,reversed_auroc,0.7061181558198563
hospital,103,RO-PDRF-NOQ,source_norm,recall_return_air_temperature_fault,0.06982572046930174
hospital,103,RO-PDRF-NOQ,source_norm,recall_supply_air_temperature_fault,0.1111111111111111
hospital,103,RO-PDRF-NOQ,source_norm,selective_error_at_0.5,0.21552414831907185
hospital,103,RO-PDRF-NOQ,source_norm,selective_error_at_0.8,0.17930896344516778
hospital,103,RO-PDRF-NOQ,source_norm,selective_error_at_1,0.22808338808146522
hospital,103,RO-PDRF-NOQ,source_norm,parameters,15055.0
hospital,103,RO-PDRF-NOQ,source_norm,train_seconds,35.703334300007555
hospital,103,RO-PDRF-NOQ,source_norm,epochs,12.0
hospital,103,RO-PDRF-NOQ,source_norm,inference_ms_per_observation,0.000493338888300105
hospital,103,RO-PDRF-NOQ,target_norm,accuracy,0.624769657249988
hospital,103,RO-PDRF-NOQ,target_norm,macro_f1,0.4521586587651675
hospital,103,RO-PDRF-NOQ,target_norm,macro_auroc,0.3490546081621774
hospital,103,RO-PDRF-NOQ,target_norm,macro_auprc,0.4414763457360281
hospital,103,RO-PDRF-NOQ,target_norm,nll,0.8623353393045414
hospital,103,RO-PDRF-NOQ,target_norm,class_1_precision,0.8446300607056461
hospital,103,RO-PDRF-NOQ,target_norm,class_1_recall,0.6902403998582592
hospital,103,RO-PDRF-NOQ,target_norm,class_1_f1,0.7596703510986587
hospital,103,RO-PDRF-NOQ,target_norm,class_1_auroc,0.3490546071010654
hospital,103,RO-PDRF-NOQ,target_norm,class_1_auprc,0.7690332758709615
hospital,103,RO-PDRF-NOQ,target_norm,class_2_precision,0.10651460541180267
hospital,103,RO-PDRF-NOQ,target_norm,class_2_recall,0.22530723714155668
hospital,103,RO-PDRF-NOQ,target_norm,class_2_f1,0.14464696643167624
hospital,103,RO-PDRF-NOQ,target_norm,class_2_auroc,0.34905460922328946
hospital,103,RO-PDRF-NOQ,target_norm,class_2_auprc,0.11391941560109475
hospital,103,RO-PDRF-NOQ,target_norm,brier,0.477842198321754
hospital,103,RO-PDRF-NOQ,target_norm,ece15,0.16885942088216122
hospital,103,RO-PDRF-NOQ,target_norm,reversed_auroc,0.6509453939600467
hospital,103,RO-PDRF-NOQ,target_norm,recall_return_air_temperature_fault,0.22451304248775486
hospital,103,RO-PDRF-NOQ,target_norm,recall_supply_air_temperature_fault,1.0
hospital,103,RO-PDRF-NOQ,target_norm,selective_error_at_0.5,0.23023427234560778
hospital,103,RO-PDRF-NOQ,target_norm,selective_error_at_0.8,0.32695042563845766
hospital,103,RO-PDRF-NOQ,target_norm,selective_error_at_1,0.375230342750012
hospital,103,RO-PDRF-NOQ,target_norm,parameters,15055.0
hospital,103,RO-PDRF-NOQ,target_norm,train_seconds,35.703334300007555
hospital,103,RO-PDRF-NOQ,target_norm,epochs,12.0
hospital,103,RO-PDRF-NOQ,target_norm,inference_ms_per_observation,0.00043018090912346743
hospital,103,RO-PDRF-NOQ,coral_adapt,accuracy,0.5896614161872867
hospital,103,RO-PDRF-NOQ,coral_adapt,macro_f1,0.4312049243917243
hospital,103,RO-PDRF-NOQ,coral_adapt,macro_auroc,0.36329917102191617
hospital,103,RO-PDRF-NOQ,coral_adapt,macro_auprc,0.4604364239122275
hospital,103,RO-PDRF-NOQ,coral_adapt,nll,1.0414634039143777
hospital,103,RO-PDRF-NOQ,coral_adapt,class_1_precision,0.8356459846142785
hospital,103,RO-PDRF-NOQ,coral_adapt,class_1_recall,0.650310524254462
hospital,103,RO-PDRF-NOQ,coral_adapt,class_1_f1,0.7314203007991945
hospital,103,RO-PDRF-NOQ,coral_adapt,class_1_auroc,0.36329922142473847
hospital,103,RO-PDRF-NOQ,coral_adapt,class_1_auprc,0.7881424645229399
hospital,103,RO-PDRF-NOQ,coral_adapt,class_2_precision,0.09332688588007737
hospital,103,RO-PDRF-NOQ,coral_adapt,class_2_recall,0.21961766044606282
hospital,103,RO-PDRF-NOQ,coral_adapt,class_2_f1,0.1309895479842541
hospital,103,RO-PDRF-NOQ,coral_adapt,class_2_auroc,0.36329912061909386
hospital,103,RO-PDRF-NOQ,coral_adapt,class_2_auprc,0.13273038330151504
hospital,103,RO-PDRF-NOQ,coral_adapt,brier,0.534002335221193
hospital,103,RO-PDRF-NOQ,coral_adapt,ece15,0.22169010440282483
hospital,103,RO-PDRF-NOQ,coral_adapt,reversed_auroc,0.6367008528531048
hospital,103,RO-PDRF-NOQ,coral_adapt,recall_return_air_temperature_fault,0.2189315411778107
hospital,103,RO-PDRF-NOQ,coral_adapt,recall_supply_air_temperature_fault,0.8888888888888888
hospital,103,RO-PDRF-NOQ,coral_adapt,selective_error_at_0.5,0.2515142774733199
hospital,103,RO-PDRF-NOQ,coral_adapt,selective_error_at_0.8,0.36264396594892334
hospital,103,RO-PDRF-NOQ,coral_adapt,selective_error_at_1,0.41033858381271326
hospital,103,RO-PDRF-NOQ,coral_adapt,parameters,15055.0
hospital,103,RO-PDRF-NOQ,coral_adapt,train_seconds,35.703334300007555
hospital,103,RO-PDRF-NOQ,coral_adapt,epochs,12.0
hospital,103,RO-PDRF-NOQ,coral_adapt,inference_ms_per_observation,0.0004265338823254996
hospital,103,GroupDRO-EF-PD,source_only,accuracy,0.9007963850209111
hospital,103,GroupDRO-EF-PD,source_only,macro_f1,0.7039014144697503
hospital,103,GroupDRO-EF-PD,source_only,macro_auroc,0.986925013410122
hospital,103,GroupDRO-EF-PD,source_only,macro_auprc,0.9473680959728623
hospital,103,GroupDRO-EF-PD,source_only,nll,0.3997443568880468
hospital,103,GroupDRO-EF-PD,source_only,class_1_precision,0.8973658634672744
hospital,103,GroupDRO-EF-PD,source_only,class_1_recall,0.9987690930453758
hospital,103,GroupDRO-EF-PD,source_only,class_1_f1,0.9453560111918232
hospital,103,GroupDRO-EF-PD,source_only,class_1_auroc,0.9869250346323629
hospital,103,GroupDRO-EF-PD,source_only,class_1_auprc,0.9980075104294253
hospital,103,GroupDRO-EF-PD,source_only,class_2_precision,0.9758153169659216
hospital,103,GroupDRO-EF-PD,source_only,class_2_recall,0.30302685480200275
hospital,103,GroupDRO-EF-PD,source_only,class_2_f1,0.4624468177476773
hospital,103,GroupDRO-EF-PD,source_only,class_2_auroc,0.9869249921878809
hospital,103,GroupDRO-EF-PD,source_only,class_2_auprc,0.8967286815162993
hospital,103,GroupDRO-EF-PD,source_only,brier,0.1781360097395259
hospital,103,GroupDRO-EF-PD,source_only,ece15,0.08320975513961933
hospital,103,GroupDRO-EF-PD,source_only,reversed_auroc,0.013074992956550445
hospital,103,GroupDRO-EF-PD,source_only,recall_return_air_temperature_fault,0.30242624444697574
hospital,103,GroupDRO-EF-PD,source_only,recall_supply_air_temperature_fault,0.8888888888888888
hospital,103,GroupDRO-EF-PD,source_only,selective_error_at_0.5,0.0
hospital,103,GroupDRO-EF-PD,source_only,selective_error_at_0.8,0.0001602403605408531
hospital,103,GroupDRO-EF-PD,source_only,selective_error_at_1,0.09920361497908892
hospital,103,GroupDRO-EF-PD,source_only,train_seconds,12.250586099995417
hospital,103,GroupDRO-EF-PD,source_only,parameters,12354.0
hospital,103,GroupDRO-EF-PD,source_only,epochs,12.0
hospital,103,GroupDRO-EF-PD,source_only,inference_ms_per_observation,0.00017360392265891952
hospital,103,HGB-current,source_only,accuracy,0.8738603041325492
hospital,103,HGB-current,source_only,macro_f1,0.5678533923320048
hospital,103,HGB-current,source_only,macro_auroc,0.5008893158860367
hospital,103,HGB-current,source_only,macro_auprc,0.5688444511580638
hospital,103,HGB-current,source_only,nll,1.0316857323080404
hospital,103,HGB-current,source_only,class_1_precision,0.8731220331794529
hospital,103,HGB-current,source_only,class_1_recall,0.9982468900949291
hospital,103,HGB-current,source_only,class_1_f1,0.9315013661439934
hospital,103,HGB-current,source_only,class_1_auroc,0.5008893158860367
hospital,103,HGB-current,source_only,class_1_auprc,0.8364039078450849
hospital,103,HGB-current,source_only,class_2_precision,0.9148550724637681
hospital,103,HGB-current,source_only,class_2_recall,0.11492944924897587
hospital,103,HGB-current,source_only,class_2_f1,0.20420541852001617
hospital,103,HGB-current,source_only,class_2_auroc,0.5008893158860367
hospital,103,HGB-current,source_only,class_2_auprc,0.30128499447104273
hospital,103,HGB-current,source_only,brier,0.2501768630788383
hospital,103,HGB-current,source_only,ece15,0.12452565797819658
hospital,103,HGB-current,source_only,reversed_auroc,0.4991106841139633
hospital,103,HGB-current,source_only,recall_return_air_temperature_fault,0.11413600637885864
hospital,103,HGB-current,source_only,recall_supply_air_temperature_fault,0.8888888888888888
hospital,103,HGB-current,source_only,selective_error_at_0.5,0.15411979617344485
hospital,103,HGB-current,source_only,selective_error_at_0.8,0.11487230846269403
hospital,103,HGB-current,source_only,selective_error_at_1,0.12613969586745077
hospital,103,HGB-current,source_only,train_seconds,0.8378031000029296
hospital,103,HGB-current,source_only,parameters,
hospital,103,HGB-current,source_only,epochs,
hospital,103,HGB-current,source_only,inference_ms_per_observation,
hospital,104,EF-PD,source_norm,accuracy,0.8897719807072925
hospital,104,EF-PD,source_norm,macro_f1,0.681438784474456
hospital,104,EF-PD,source_norm,macro_auroc,0.9837831943331726
hospital,104,EF-PD,source_norm,macro_auprc,0.9136341620514395
hospital,104,EF-PD,source_norm,nll,0.49269106850057265
hospital,104,EF-PD,source_norm,class_1_precision,0.894390441474281
hospital,104,EF-PD,source_norm,class_1_recall,0.9884182845633078
hospital,104,EF-PD,source_norm,class_1_f1,0.9390564784053156
hospital,104,EF-PD,source_norm,class_1_auroc,0.9837832155554136
hospital,104,EF-PD,source_norm,class_1_auprc,0.9975904459394415
hospital,104,EF-PD,source_norm,class_2_precision,0.8029197080291971
hospital,104,EF-PD,source_norm,class_2_recall,0.2878925807919891
hospital,104,EF-PD,source_norm,class_2_f1,0.4238210905435966
hospital,104,EF-PD,source_norm,class_2_auroc,0.9837831731109317
hospital,104,EF-PD,source_norm,class_2_auprc,0.8296778781634376
hospital,104,EF-PD,source_norm,brier,0.1886584372108795
hospital,104,EF-PD,source_norm,ece15,0.09036526807669837
hospital,104,EF-PD,source_norm,reversed_auroc,0.01621683856130082
hospital,104,EF-PD,source_norm,recall_return_air_temperature_fault,0.28750427155712494
hospital,104,EF-PD,source_norm,recall_supply_air_temperature_fault,0.6666666666666666
hospital,104,EF-PD,source_norm,selective_error_at_0.5,0.0
hospital,104,EF-PD,source_norm,selective_error_at_0.8,2.0030045067565005e-05
hospital,104,EF-PD,source_norm,selective_error_at_1,0.11022801929270754
hospital,104,EF-PD,source_norm,parameters,12354.0
hospital,104,EF-PD,source_norm,train_seconds,10.864658100006636
hospital,104,EF-PD,source_norm,epochs,12.0
hospital,104,EF-PD,source_norm,inference_ms_per_observation,0.0001935792457769478
hospital,104,EF-PD,target_norm,accuracy,0.8249555338343455
hospital,104,EF-PD,target_norm,macro_f1,0.5001361098674815
hospital,104,EF-PD,target_norm,macro_auroc,0.5746789199089858
hospital,104,EF-PD,target_norm,macro_auprc,0.5294213014169828
hospital,104,EF-PD,target_norm,nll,1.8876681142373382
hospital,104,EF-PD,target_norm,class_1_precision,0.8612403756663001
hospital,104,EF-PD,target_norm,class_1_recall,0.9491971129636882
hospital,104,EF-PD,target_norm,class_1_f1,0.9030821370903348
hospital,104,EF-PD,target_norm,class_1_auroc,0.5617725954876269
hospital,104,EF-PD,target_norm,class_1_auprc,0.8748869889430696
hospital,104,EF-PD,target_norm,class_2_precision,0.17753623188405798
hospital,104,EF-PD,target_norm,class_2_recall,0.06690942193900774
hospital,104,EF-PD,target_norm,class_2_f1,0.0971900826446281
hospital,104,EF-PD,target_norm,class_2_auroc,0.5875852443303446
hospital,104,EF-PD,target_norm,class_2_auprc,0.18395561389089618
hospital,104,EF-PD,target_norm,brier,0.3389295746415373
hospital,104,EF-PD,target_norm,ece15,0.16516069898520225
hospital,104,EF-PD,target_norm,reversed_auroc,0.44392950020782096
hospital,104,EF-PD,target_norm,recall_return_air_temperature_fault,0.06595284200934047
hospital,104,EF-PD,target_norm,recall_supply_air_temperature_fault,1.0
hospital,104,EF-PD,target_norm,selective_error_at_0.5,0.11223279812838505
hospital,104,EF-PD,target_norm,selective_error_at_0.8,0.1319379068602904
hospital,104,EF-PD,target_norm,selective_error_at_1,0.1750444661656545
hospital,104,EF-PD,target_norm,parameters,12354.0
hospital,104,EF-PD,target_norm,train_seconds,10.864658100006636
hospital,104,EF-PD,target_norm,epochs,12.0
hospital,104,EF-PD,target_norm,inference_ms_per_observation,0.00020207028073442748
hospital,104,EF-PD,coral_adapt,accuracy,0.774111878475171
hospital,104,EF-PD,coral_adapt,macro_f1,0.554034161941638
hospital,104,EF-PD,coral_adapt,macro_auroc,0.60308437429062
hospital,104,EF-PD,coral_adapt,macro_auprc,0.54535827372154
hospital,104,EF-PD,coral_adapt,nll,2.104878014873326
hospital,104,EF-PD,coral_adapt,class_1_precision,0.8754845329482405
hospital,104,EF-PD,coral_adapt,class_1_recall,0.8593036050653686
hospital,104,EF-PD,coral_adapt,class_1_f1,0.8673186066430111
hospital,104,EF-PD,coral_adapt,class_1_auroc,0.5982070247519156
hospital,104,EF-PD,coral_adapt,class_1_auprc,0.8903089814902831
hospital,104,EF-PD,coral_adapt,class_2_precision,0.22855097658247264
hospital,104,EF-PD,coral_adapt,class_2_recall,0.25432407828857534
hospital,104,EF-PD,coral_adapt,class_2_f1,0.24074971724026498
hospital,104,EF-PD,coral_adapt,class_2_auroc,0.6079617238293246
hospital,104,EF-PD,coral_adapt,class_2_auprc,0.2004075659527969
hospital,104,EF-PD,coral_adapt,brier,0.43302295541319663
hospital,104,EF-PD,coral_adapt,ece15,0.209031865130379
hospital,104,EF-PD,coral_adapt,reversed_auroc,0.4002906952536025
hospital,104,EF-PD,coral_adapt,recall_return_air_temperature_fault,0.2535596309374644
hospital,104,EF-PD,coral_adapt,recall_supply_air_temperature_fault,1.0
hospital,104,EF-PD,coral_adapt,selective_error_at_0.5,0.11024580969778552
hospital,104,EF-PD,coral_adapt,selective_error_at_0.8,0.17344016024036057
hospital,104,EF-PD,coral_adapt,selective_error_at_1,0.22588812152482896
hospital,104,EF-PD,coral_adapt,parameters,12354.0
hospital,104,EF-PD,coral_adapt,train_seconds,10.864658100006636
hospital,104,EF-PD,coral_adapt,epochs,12.0
hospital,104,EF-PD,coral_adapt,inference_ms_per_observation,0.0001768487509543334
hospital,104,RO-PDRF-NOQ,source_norm,accuracy,0.7602672777092313
hospital,104,RO-PDRF-NOQ,source_norm,macro_f1,0.4718899961566917
hospital,104,RO-PDRF-NOQ,source_norm,macro_auroc,0.30025964223393353
hospital,104,RO-PDRF-NOQ,source_norm,macro_auprc,0.4316074904401053
hospital,104,RO-PDRF-NOQ,source_norm,nll,0.9219767996761928
hospital,104,RO-PDRF-NOQ,source_norm,class_1_precision,0.8520508523969109
hospital,104,RO-PDRF-NOQ,source_norm,class_1_recall,0.8724705794587739
hospital,104,RO-PDRF-NOQ,source_norm,class_1_f1,0.8621398228946859
hospital,104,RO-PDRF-NOQ,source_norm,class_1_auroc,0.3002596464783817
hospital,104,RO-PDRF-NOQ,source_norm,class_1_auprc,0.7594733386068653
hospital,104,RO-PDRF-NOQ,source_norm,class_2_precision,0.08863121418099427
hospital,104,RO-PDRF-NOQ,source_norm,class_2_recall,0.07567137005006827
hospital,104,RO-PDRF-NOQ,source_norm,class_2_f1,0.08164016941869744
hospital,104,RO-PDRF-NOQ,source_norm,class_2_auroc,0.30025963798948535
hospital,104,RO-PDRF-NOQ,source_norm,class_2_auprc,0.10374164227334534
hospital,104,RO-PDRF-NOQ,source_norm,brier,0.3759513038935104
hospital,104,RO-PDRF-NOQ,source_norm,ece15,0.14783909996962505
hospital,104,RO-PDRF-NOQ,source_norm,reversed_auroc,0.6997403832327557
hospital,104,RO-PDRF-NOQ,source_norm,recall_return_air_temperature_fault,0.07563503815924365
hospital,104,RO-PDRF-NOQ,source_norm,recall_supply_air_temperature_fault,0.1111111111111111
hospital,104,RO-PDRF-NOQ,source_norm,selective_error_at_0.5,0.21119764125244367
hospital,104,RO-PDRF-NOQ,source_norm,selective_error_at_0.8,0.17696544817225834
hospital,104,RO-PDRF-NOQ,source_norm,selective_error_at_1,0.2397327222907687
hospital,104,RO-PDRF-NOQ,source_norm,parameters,15055.0
hospital,104,RO-PDRF-NOQ,source_norm,train_seconds,36.59295599999314
hospital,104,RO-PDRF-NOQ,source_norm,epochs,12.0
hospital,104,RO-PDRF-NOQ,source_norm,inference_ms_per_observation,0.0004530565480769512
hospital,104,RO-PDRF-NOQ,target_norm,accuracy,0.6645889082955437
hospital,104,RO-PDRF-NOQ,target_norm,macro_f1,0.4787820338837116
hospital,104,RO-PDRF-NOQ,target_norm,macro_auroc,0.3597870588565662
hospital,104,RO-PDRF-NOQ,target_norm,macro_auprc,0.4458842308425223
hospital,104,RO-PDRF-NOQ,target_norm,nll,0.7812298284203781
hospital,104,RO-PDRF-NOQ,target_norm,class_1_precision,0.8549154161871051
hospital,104,RO-PDRF-NOQ,target_norm,class_1_recall,0.7342173483280181
hospital,104,RO-PDRF-NOQ,target_norm,class_1_f1,0.7899827427057832
hospital,104,RO-PDRF-NOQ,target_norm,class_1_auroc,0.3597870615093463
hospital,104,RO-PDRF-NOQ,target_norm,class_1_auprc,0.7721297390846668
hospital,104,RO-PDRF-NOQ,target_norm,class_2_precision,0.12880547744223012
hospital,104,RO-PDRF-NOQ,target_norm,class_2_recall,0.23975876194811105
hospital,104,RO-PDRF-NOQ,target_norm,class_2_f1,0.16758132506164003
hospital,104,RO-PDRF-NOQ,target_norm,class_2_auroc,0.3597870562037861
hospital,104,RO-PDRF-NOQ,target_norm,class_2_auprc,0.1196387226003779
hospital,104,RO-PDRF-NOQ,target_norm,brier,0.45206786293125434
hospital,104,RO-PDRF-NOQ,target_norm,ece15,0.1377636638071555
hospital,104,RO-PDRF-NOQ,target_norm,reversed_auroc,0.6402129321239813
hospital,104,RO-PDRF-NOQ,target_norm,recall_return_air_temperature_fault,0.2389793826176102
hospital,104,RO-PDRF-NOQ,target_norm,recall_supply_air_temperature_fault,1.0
hospital,104,RO-PDRF-NOQ,target_norm,selective_error_at_0.5,0.19712848123577864
hospital,104,RO-PDRF-NOQ,target_norm,selective_error_at_0.8,0.30762143214822235
hospital,104,RO-PDRF-NOQ,target_norm,selective_error_at_1,0.33541109170445627
hospital,104,RO-PDRF-NOQ,target_norm,parameters,15055.0
hospital,104,RO-PDRF-NOQ,target_norm,train_seconds,36.59295599999314
hospital,104,RO-PDRF-NOQ,target_norm,epochs,12.0
hospital,104,RO-PDRF-NOQ,target_norm,inference_ms_per_observation,0.000449007323009607
hospital,104,RO-PDRF-NOQ,coral_adapt,accuracy,0.6287756181197622
hospital,104,RO-PDRF-NOQ,coral_adapt,macro_f1,0.45792198541101353
hospital,104,RO-PDRF-NOQ,coral_adapt,macro_auroc,0.35856559102417374
hospital,104,RO-PDRF-NOQ,coral_adapt,macro_auprc,0.4593171569286039
hospital,104,RO-PDRF-NOQ,coral_adapt,nll,1.0056648775913777
hospital,104,RO-PDRF-NOQ,coral_adapt,class_1_precision,0.8474351953267616
hospital,104,RO-PDRF-NOQ,coral_adapt,class_1_recall,0.6926276133460154
hospital,104,RO-PDRF-NOQ,coral_adapt,class_1_f1,0.7622507517215192
hospital,104,RO-PDRF-NOQ,coral_adapt,class_1_auroc,0.35856558677972555
hospital,104,RO-PDRF-NOQ,coral_adapt,class_1_auprc,0.7831540919193366
hospital,104,RO-PDRF-NOQ,coral_adapt,class_2_precision,0.11311413657644083
hospital,104,RO-PDRF-NOQ,coral_adapt,class_2_recall,0.23918980427856168
hospital,104,RO-PDRF-NOQ,coral_adapt,class_2_f1,0.15359321910050783
hospital,104,RO-PDRF-NOQ,coral_adapt,class_2_auroc,0.358565595268622
hospital,104,RO-PDRF-NOQ,coral_adapt,class_2_auprc,0.13548022193787124
hospital,104,RO-PDRF-NOQ,coral_adapt,brier,0.5108353572447042
hospital,104,RO-PDRF-NOQ,coral_adapt,ece15,0.1722162869401534
hospital,104,RO-PDRF-NOQ,coral_adapt,reversed_auroc,0.6414343782035768
hospital,104,RO-PDRF-NOQ,coral_adapt,recall_return_air_temperature_fault,0.23852374985761476
hospital,104,RO-PDRF-NOQ,coral_adapt,recall_supply_air_temperature_fault,0.8888888888888888
hospital,104,RO-PDRF-NOQ,coral_adapt,selective_error_at_0.5,0.24661090279780795
hospital,104,RO-PDRF-NOQ,coral_adapt,selective_error_at_0.8,0.34177265898848275
hospital,104,RO-PDRF-NOQ,coral_adapt,selective_error_at_1,0.37122438188023776
hospital,104,RO-PDRF-NOQ,coral_adapt,parameters,15055.0
hospital,104,RO-PDRF-NOQ,coral_adapt,train_seconds,36.59295599999314
hospital,104,RO-PDRF-NOQ,coral_adapt,epochs,12.0
hospital,104,RO-PDRF-NOQ,coral_adapt,inference_ms_per_observation,0.0004226000288769913
hospital,104,GroupDRO-EF-PD,source_only,accuracy,0.8932010832118192
hospital,104,GroupDRO-EF-PD,source_only,macro_f1,0.6870278550391111
hospital,104,GroupDRO-EF-PD,source_only,macro_auroc,0.9859196346798345
hospital,104,GroupDRO-EF-PD,source_only,macro_auprc,0.9384533608554861
hospital,104,GroupDRO-EF-PD,source_only,nll,0.35500792025634353
hospital,104,GroupDRO-EF-PD,source_only,class_1_precision,0.8949697173620458
hospital,104,GroupDRO-EF-PD,source_only,class_1_recall,0.9921296555325537
hospital,104,GroupDRO-EF-PD,source_only,class_1_f1,0.9410484791126756
hospital,104,GroupDRO-EF-PD,source_only,class_1_auroc,0.985919606560365
hospital,104,GroupDRO-EF-PD,source_only,class_1_auprc,0.9978576441888378
hospital,104,GroupDRO-EF-PD,source_only,class_2_precision,0.8577687900235929
hospital,104,GroupDRO-EF-PD,source_only,class_2_recall,0.28959945380063723
hospital,104,GroupDRO-EF-PD,source_only,class_2_f1,0.43300723096554655
hospital,104,GroupDRO-EF-PD,source_only,class_2_auroc,0.9859196627993038
hospital,104,GroupDRO-EF-PD,source_only,class_2_auprc,0.8790490775221345
hospital,104,GroupDRO-EF-PD,source_only,brier,0.17551248491022242
hospital,104,GroupDRO-EF-PD,source_only,ece15,0.08551605643804605
hospital,104,GroupDRO-EF-PD,source_only,reversed_auroc,0.014080376461842077
hospital,104,GroupDRO-EF-PD,source_only,recall_return_air_temperature_fault,0.28898507802711015
hospital,104,GroupDRO-EF-PD,source_only,recall_supply_air_temperature_fault,0.8888888888888888
hospital,104,GroupDRO-EF-PD,source_only,selective_error_at_0.5,0.0
hospital,104,GroupDRO-EF-PD,source_only,selective_error_at_0.8,0.0007411116675012375
hospital,104,GroupDRO-EF-PD,source_only,selective_error_at_1,0.10679891678818076
hospital,104,GroupDRO-EF-PD,source_only,train_seconds,12.998002099993755
hospital,104,GroupDRO-EF-PD,source_only,parameters,12354.0
hospital,104,GroupDRO-EF-PD,source_only,epochs,12.0
hospital,104,GroupDRO-EF-PD,source_only,inference_ms_per_observation,0.00017896069351699585
hospital,104,HGB-current,source_only,accuracy,0.8636531158363645
hospital,104,HGB-current,source_only,macro_f1,0.5026948458880204
hospital,104,HGB-current,source_only,macro_auroc,0.5501537814514779
hospital,104,HGB-current,source_only,macro_auprc,0.6253603274800682
hospital,104,HGB-current,source_only,nll,0.9609328121218058
hospital,104,HGB-current,source_only,class_1_precision,0.86404867970818
hospital,104,HGB-current,source_only,class_1_recall,0.9983960909379138
hospital,104,HGB-current,source_only,class_1_f1,0.9263768115942029
hospital,104,HGB-current,source_only,class_1_auroc,0.5501537814514779
hospital,104,HGB-current,source_only,class_1_auprc,0.8547347914483898
hospital,104,HGB-current,source_only,class_2_precision,0.8093126385809313
hospital,104,HGB-current,source_only,class_2_recall,0.041533909877105146
hospital,104,HGB-current,source_only,class_2_f1,0.07901288018183786
hospital,104,HGB-current,source_only,class_2_auroc,0.550153781451478
hospital,104,HGB-current,source_only,class_2_auprc,0.3959858635117465
hospital,104,HGB-current,source_only,brier,0.2546139817639917
hospital,104,HGB-current,source_only,ece15,0.12698084659191342
hospital,104,HGB-current,source_only,reversed_auroc,0.44984621854852214
hospital,104,HGB-current,source_only,recall_return_air_temperature_fault,0.040665223829593346
hospital,104,HGB-current,source_only,recall_supply_air_temperature_fault,0.8888888888888888
hospital,104,HGB-current,source_only,selective_error_at_0.5,0.15408774797295133
hospital,104,HGB-current,source_only,selective_error_at_0.8,0.097085628442664
hospital,104,HGB-current,source_only,selective_error_at_1,0.1363468841636355
hospital,104,HGB-current,source_only,train_seconds,0.734854299997096
hospital,104,HGB-current,source_only,parameters,
hospital,104,HGB-current,source_only,epochs,
hospital,104,HGB-current,source_only,inference_ms_per_observation,
hospital,105,EF-PD,source_norm,accuracy,0.8825772749851779
hospital,105,EF-PD,source_norm,macro_f1,0.6617349213459062
hospital,105,EF-PD,source_norm,macro_auroc,0.9796608700534766
hospital,105,EF-PD,source_norm,macro_auprc,0.8698262457591652
hospital,105,EF-PD,source_norm,nll,0.35569509366545193
hospital,105,EF-PD,source_norm,class_1_precision,0.8908854474524175
hospital,105,EF-PD,source_norm,class_1_recall,0.9838303586415263
hospital,105,EF-PD,source_norm,class_1_f1,0.9350538854225752
hospital,105,EF-PD,source_norm,class_1_auroc,0.9796608663395844
hospital,105,EF-PD,source_norm,class_1_auprc,0.9970360791261892
hospital,105,EF-PD,source_norm,class_2_precision,0.7285535378835316
hospital,105,EF-PD,source_norm,class_2_recall,0.26479289940828404
hospital,105,EF-PD,source_norm,class_2_f1,0.38841595726923717
hospital,105,EF-PD,source_norm,class_2_auroc,0.9796608737673688
hospital,105,EF-PD,source_norm,class_2_auprc,0.7426164123921413
hospital,105,EF-PD,source_norm,brier,0.19739477974296446
hospital,105,EF-PD,source_norm,ece15,0.09471738318699985
hospital,105,EF-PD,source_norm,reversed_auroc,0.020339131538191505
hospital,105,EF-PD,source_norm,recall_return_air_temperature_fault,0.2641530926073585
hospital,105,EF-PD,source_norm,recall_supply_air_temperature_fault,0.8888888888888888
hospital,105,EF-PD,source_norm,selective_error_at_0.5,0.0
hospital,105,EF-PD,source_norm,selective_error_at_0.8,4.006009013524103e-05
hospital,105,EF-PD,source_norm,selective_error_at_1,0.1174227250148221
hospital,105,EF-PD,source_norm,parameters,12354.0
hospital,105,EF-PD,source_norm,train_seconds,11.06867969999439
hospital,105,EF-PD,source_norm,epochs,12.0
hospital,105,EF-PD,source_norm,inference_ms_per_observation,0.00019544602376617278
hospital,105,EF-PD,target_norm,accuracy,0.8085471181117503
hospital,105,EF-PD,target_norm,macro_f1,0.4913160825879551
hospital,105,EF-PD,target_norm,macro_auroc,0.4332498037600599
hospital,105,EF-PD,target_norm,macro_auprc,0.48527006999946515
hospital,105,EF-PD,target_norm,nll,1.704815706330981
hospital,105,EF-PD,target_norm,class_1_precision,0.8587935458318265
hospital,105,EF-PD,target_norm,class_1_recall,0.9300994050616386
hospital,105,EF-PD,target_norm,class_1_f1,0.8930253379890769
hospital,105,EF-PD,target_norm,class_1_auroc,0.4332199308031006
hospital,105,EF-PD,target_norm,class_1_auprc,0.8333669028498369
hospital,105,EF-PD,target_norm,class_2_precision,0.13560885608856088
hospital,105,EF-PD,target_norm,class_2_recall,0.06690942193900774
hospital,105,EF-PD,target_norm,class_2_f1,0.08960682718683328
hospital,105,EF-PD,target_norm,class_2_auroc,0.43327967671701917
hospital,105,EF-PD,target_norm,class_2_auprc,0.13717323714909335
hospital,105,EF-PD,target_norm,brier,0.3597027672334895
hospital,105,EF-PD,target_norm,ece15,0.17322317780335408
hospital,105,EF-PD,target_norm,reversed_auroc,0.5669143253377862
hospital,105,EF-PD,target_norm,recall_return_air_temperature_fault,0.06595284200934047
hospital,105,EF-PD,target_norm,recall_supply_air_temperature_fault,1.0
hospital,105,EF-PD,target_norm,selective_error_at_0.5,0.1418132871839246
hospital,105,EF-PD,target_norm,selective_error_at_0.8,0.1636454682023034
hospital,105,EF-PD,target_norm,selective_error_at_1,0.19145288188824972
hospital,105,EF-PD,target_norm,parameters,12354.0
hospital,105,EF-PD,target_norm,train_seconds,11.06867969999439
hospital,105,EF-PD,target_norm,epochs,12.0
hospital,105,EF-PD,target_norm,inference_ms_per_observation,0.00018495361090839642
hospital,105,EF-PD,coral_adapt,accuracy,0.7549473616741712
hospital,105,EF-PD,coral_adapt,macro_f1,0.5126827207948119
hospital,105,EF-PD,coral_adapt,macro_auroc,0.5004989911243749
hospital,105,EF-PD,coral_adapt,macro_auprc,0.5162255716350047
hospital,105,EF-PD,coral_adapt,nll,1.9120344863861674
hospital,105,EF-PD,coral_adapt,class_1_precision,0.8630043568857738
hospital,105,EF-PD,coral_adapt,class_1_recall,0.8496615005874784
hospital,105,EF-PD,coral_adapt,class_1_f1,0.8562809536787301
hospital,105,EF-PD,coral_adapt,class_1_auroc,0.5004443799316615
hospital,105,EF-PD,coral_adapt,class_1_auprc,0.8671466820701622
hospital,105,EF-PD,coral_adapt,class_2_precision,0.1617968181345534
hospital,105,EF-PD,coral_adapt,class_2_recall,0.17705962676376877
hospital,105,EF-PD,coral_adapt,class_2_f1,0.16908448791089378
hospital,105,EF-PD,coral_adapt,class_2_auroc,0.5005536023170883
hospital,105,EF-PD,coral_adapt,class_2_auprc,0.16530446119984726
hospital,105,EF-PD,coral_adapt,brier,0.4602395436921168
hospital,105,EF-PD,coral_adapt,ece15,0.21978109776720628
hospital,105,EF-PD,coral_adapt,reversed_auroc,0.49964018114863473
hospital,105,EF-PD,coral_adapt,recall_return_air_temperature_fault,0.17621596992823785
hospital,105,EF-PD,coral_adapt,recall_supply_air_temperature_fault,1.0
hospital,105,EF-PD,coral_adapt,selective_error_at_0.5,0.16559305195013296
hospital,105,EF-PD,coral_adapt,selective_error_at_0.8,0.20136204306459693
hospital,105,EF-PD,coral_adapt,selective_error_at_1,0.2450526383258288
hospital,105,EF-PD,coral_adapt,parameters,12354.0
hospital,105,EF-PD,coral_adapt,train_seconds,11.06867969999439
hospital,105,EF-PD,coral_adapt,epochs,12.0
hospital,105,EF-PD,coral_adapt,inference_ms_per_observation,0.0001807938211786865
hospital,105,RO-PDRF-NOQ,source_norm,accuracy,0.7268255163683561
hospital,105,RO-PDRF-NOQ,source_norm,macro_f1,0.45940351361066056
hospital,105,RO-PDRF-NOQ,source_norm,macro_auroc,0.2960252799079885
hospital,105,RO-PDRF-NOQ,source_norm,macro_auprc,0.42943468900570403
hospital,105,RO-PDRF-NOQ,source_norm,nll,0.9475065470618743
hospital,105,RO-PDRF-NOQ,source_norm,class_1_precision,0.8470985744386021
hospital,105,RO-PDRF-NOQ,source_norm,class_1_recall,0.8322796023797534
hospital,105,RO-PDRF-NOQ,source_norm,class_1_f1,0.839623706491063
hospital,105,RO-PDRF-NOQ,source_norm,class_1_auroc,0.29602529158022106
hospital,105,RO-PDRF-NOQ,source_norm,class_1_auprc,0.7583687428631434
hospital,105,RO-PDRF-NOQ,source_norm,class_2_precision,0.07536500102817191
hospital,105,RO-PDRF-NOQ,source_norm,class_2_recall,0.08340919435593992
hospital,105,RO-PDRF-NOQ,source_norm,class_2_f1,0.07918332073025819
hospital,105,RO-PDRF-NOQ,source_norm,class_2_auroc,0.2960252682357559
hospital,105,RO-PDRF-NOQ,source_norm,class_2_auprc,0.10050063514826463
hospital,105,RO-PDRF-NOQ,source_norm,brier,0.4023899094354311
hospital,105,RO-PDRF-NOQ,source_norm,ece15,0.13869502667247458
hospital,105,RO-PDRF-NOQ,source_norm,reversed_auroc,0.7039747169086754
hospital,105,RO-PDRF-NOQ,source_norm,recall_return_air_temperature_fault,0.0833807950791662
hospital,105,RO-PDRF-NOQ,source_norm,recall_supply_air_temperature_fault,0.1111111111111111
hospital,105,RO-PDRF-NOQ,source_norm,selective_error_at_0.5,0.2096272794282601
hospital,105,RO-PDRF-NOQ,source_norm,selective_error_at_0.8,0.21079619429143714
hospital,105,RO-PDRF-NOQ,source_norm,selective_error_at_1,0.27317448363164387
hospital,105,RO-PDRF-NOQ,source_norm,parameters,15055.0
hospital,105,RO-PDRF-NOQ,source_norm,train_seconds,35.79159379999328
hospital,105,RO-PDRF-NOQ,source_norm,epochs,12.0
hospital,105,RO-PDRF-NOQ,source_norm,inference_ms_per_observation,0.0004129023988782049
hospital,105,RO-PDRF-NOQ,target_norm,accuracy,0.6697005143653757
hospital,105,RO-PDRF-NOQ,target_norm,macro_f1,0.4661737714466357
hospital,105,RO-PDRF-NOQ,target_norm,macro_auroc,0.354002697266184
hospital,105,RO-PDRF-NOQ,target_norm,macro_auprc,0.4438473741630614
hospital,105,RO-PDRF-NOQ,target_norm,nll,0.8643162743011622
hospital,105,RO-PDRF-NOQ,target_norm,class_1_precision,0.8487384303283885
hospital,105,RO-PDRF-NOQ,target_norm,class_1_recall,0.7490628322050019
hospital,105,RO-PDRF-NOQ,target_norm,class_1_f1,0.7957916010342675
hospital,105,RO-PDRF-NOQ,target_norm,class_1_auroc,0.3540026946134039
hospital,105,RO-PDRF-NOQ,target_norm,class_1_auprc,0.7730926806330977
hospital,105,RO-PDRF-NOQ,target_norm,class_2_precision,0.10805435863440503
hospital,105,RO-PDRF-NOQ,target_norm,class_2_recall,0.1854802002730997
hospital,105,RO-PDRF-NOQ,target_norm,class_2_f1,0.13655594185900388
hospital,105,RO-PDRF-NOQ,target_norm,class_2_auroc,0.3540026999189641
hospital,105,RO-PDRF-NOQ,target_norm,class_2_auprc,0.11460206769302513
hospital,105,RO-PDRF-NOQ,target_norm,brier,0.45362179461220453
hospital,105,RO-PDRF-NOQ,target_norm,ece15,0.13119434563192559
hospital,105,RO-PDRF-NOQ,target_norm,reversed_auroc,0.6459973096310442
hospital,105,RO-PDRF-NOQ,target_norm,recall_return_air_temperature_fault,0.18464517598815355
hospital,105,RO-PDRF-NOQ,target_norm,recall_supply_air_temperature_fault,1.0
hospital,105,RO-PDRF-NOQ,target_norm,selective_error_at_0.5,0.20619812197545107
hospital,105,RO-PDRF-NOQ,target_norm,selective_error_at_0.8,0.303314972458688
hospital,105,RO-PDRF-NOQ,target_norm,selective_error_at_1,0.3302994856346243
hospital,105,RO-PDRF-NOQ,target_norm,parameters,15055.0
hospital,105,RO-PDRF-NOQ,target_norm,train_seconds,35.79159379999328
hospital,105,RO-PDRF-NOQ,target_norm,epochs,12.0
hospital,105,RO-PDRF-NOQ,target_norm,inference_ms_per_observation,0.0003929575208282573
hospital,105,RO-PDRF-NOQ,coral_adapt,accuracy,0.5726120467255276
hospital,105,RO-PDRF-NOQ,coral_adapt,macro_f1,0.4263870699631349
hospital,105,RO-PDRF-NOQ,coral_adapt,macro_auroc,0.37421133218347835
hospital,105,RO-PDRF-NOQ,coral_adapt,macro_auprc,0.46519658078465387
hospital,105,RO-PDRF-NOQ,coral_adapt,nll,1.0217535603177195
hospital,105,RO-PDRF-NOQ,coral_adapt,class_1_precision,0.8343549147579225
hospital,105,RO-PDRF-NOQ,coral_adapt,class_1_recall,0.6270538428542122
hospital,105,RO-PDRF-NOQ,coral_adapt,class_1_f1,0.7160015332850632
hospital,105,RO-PDRF-NOQ,coral_adapt,class_1_auroc,0.3742113560584995
hospital,105,RO-PDRF-NOQ,coral_adapt,class_1_auprc,0.7987964662353058
hospital,105,RO-PDRF-NOQ,coral_adapt,class_2_precision,0.09556761646313885
hospital,105,RO-PDRF-NOQ,coral_adapt,class_2_recall,0.24044151115157034
hospital,105,RO-PDRF-NOQ,coral_adapt,class_2_f1,0.13677260664120655
hospital,105,RO-PDRF-NOQ,coral_adapt,class_2_auroc,0.3742113083084572
hospital,105,RO-PDRF-NOQ,coral_adapt,class_2_auprc,0.131596695334002
hospital,105,RO-PDRF-NOQ,coral_adapt,brier,0.5542814359926026
hospital,105,RO-PDRF-NOQ,coral_adapt,ece15,0.22838856941564045
hospital,105,RO-PDRF-NOQ,coral_adapt,reversed_auroc,0.6257886885082067
hospital,105,RO-PDRF-NOQ,coral_adapt,recall_return_air_temperature_fault,0.23966283175760336
hospital,105,RO-PDRF-NOQ,coral_adapt,recall_supply_air_temperature_fault,1.0
hospital,105,RO-PDRF-NOQ,coral_adapt,selective_error_at_0.5,0.279235970900234
hospital,105,RO-PDRF-NOQ,coral_adapt,selective_error_at_0.8,0.39403104656985477
hospital,105,RO-PDRF-NOQ,coral_adapt,selective_error_at_1,0.42738795327447243
hospital,105,RO-PDRF-NOQ,coral_adapt,parameters,15055.0
hospital,105,RO-PDRF-NOQ,coral_adapt,train_seconds,35.79159379999328
hospital,105,RO-PDRF-NOQ,coral_adapt,epochs,12.0
hospital,105,RO-PDRF-NOQ,coral_adapt,inference_ms_per_observation,0.0004039018057820817
hospital,105,GroupDRO-EF-PD,source_only,accuracy,0.8665213838191228
hospital,105,GroupDRO-EF-PD,source_only,macro_f1,0.5637264294416757
hospital,105,GroupDRO-EF-PD,source_only,macro_auroc,0.97642017018913
hospital,105,GroupDRO-EF-PD,source_only,macro_auprc,0.8838289451219614
hospital,105,GroupDRO-EF-PD,source_only,nll,0.3989435632254734
hospital,105,GroupDRO-EF-PD,source_only,class_1_precision,0.8725711183138913
hospital,105,GroupDRO-EF-PD,source_only,class_1_recall,0.9890896883567392
hospital,105,GroupDRO-EF-PD,source_only,class_1_f1,0.9271840416790503
hospital,105,GroupDRO-EF-PD,source_only,class_1_auroc,0.9764201781474704
hospital,105,GroupDRO-EF-PD,source_only,class_1_auprc,0.9964643899752377
hospital,105,GroupDRO-EF-PD,source_only,class_2_precision,0.6406633906633906
hospital,105,GroupDRO-EF-PD,source_only,class_2_recall,0.11868456986800183
hospital,105,GroupDRO-EF-PD,source_only,class_2_f1,0.20026881720430106
hospital,105,GroupDRO-EF-PD,source_only,class_2_auroc,0.9764201622307895
hospital,105,GroupDRO-EF-PD,source_only,class_2_auprc,0.771193500268685
hospital,105,GroupDRO-EF-PD,source_only,brier,0.21101457015982306
hospital,105,GroupDRO-EF-PD,source_only,ece15,0.10913260207567488
hospital,105,GroupDRO-EF-PD,source_only,reversed_auroc,0.023579831402538092
hospital,105,GroupDRO-EF-PD,source_only,recall_return_air_temperature_fault,0.11789497664882105
hospital,105,GroupDRO-EF-PD,source_only,recall_supply_air_temperature_fault,0.8888888888888888
hospital,105,GroupDRO-EF-PD,source_only,selective_error_at_0.5,0.0
hospital,105,GroupDRO-EF-PD,source_only,selective_error_at_0.8,0.004126189283925941
hospital,105,GroupDRO-EF-PD,source_only,selective_error_at_1,0.1334786161808772
hospital,105,GroupDRO-EF-PD,source_only,train_seconds,12.071686399998725
hospital,105,GroupDRO-EF-PD,source_only,parameters,12354.0
hospital,105,GroupDRO-EF-PD,source_only,epochs,12.0
hospital,105,GroupDRO-EF-PD,source_only,inference_ms_per_observation,0.0001747976989941874
hospital,105,HGB-current,source_only,accuracy,0.874485234028234
hospital,105,HGB-current,source_only,macro_f1,0.5741216673336133
hospital,105,HGB-current,source_only,macro_auroc,0.5156129469608746
hospital,105,HGB-current,source_only,macro_auprc,0.5845865123280866
hospital,105,HGB-current,source_only,nll,0.919351754716646
hospital,105,HGB-current,source_only,class_1_precision,0.8740808523154352
hospital,105,HGB-current,source_only,class_1_recall,0.9976314366176169
hospital,105,HGB-current,source_only,class_1_f1,0.931778395185382
hospital,105,HGB-current,source_only,class_1_auroc,0.5156129469608746
hospital,105,HGB-current,source_only,class_1_auprc,0.8388103349703679
hospital,105,HGB-current,source_only,class_2_precision,0.8949545078577337
hospital,105,HGB-current,source_only,class_2_recall,0.12312243969048703
hospital,105,HGB-current,source_only,class_2_f1,0.21646493948184456
hospital,105,HGB-current,source_only,class_2_auroc,0.5156129469608746
hospital,105,HGB-current,source_only,class_2_auprc,0.3303626896858052
hospital,105,HGB-current,source_only,brier,0.24865886776022578
hospital,105,HGB-current,source_only,ece15,0.12308004116124988
hospital,105,HGB-current,source_only,reversed_auroc,0.4843870530391255
hospital,105,HGB-current,source_only,recall_return_air_temperature_fault,0.12233739605877662
hospital,105,HGB-current,source_only,recall_supply_air_temperature_fault,0.8888888888888888
hospital,105,HGB-current,source_only,selective_error_at_0.5,0.15415184437393836
hospital,105,HGB-current,source_only,selective_error_at_0.8,0.09818728092138207
hospital,105,HGB-current,source_only,selective_error_at_1,0.12551476597176603
hospital,105,HGB-current,source_only,train_seconds,0.7202529000060167
hospital,105,HGB-current,source_only,parameters,
hospital,105,HGB-current,source_only,epochs,
hospital,105,HGB-current,source_only,inference_ms_per_observation,
office,101,EF-PD,source_norm,accuracy,0.9779097871806139
office,101,EF-PD,source_norm,macro_f1,0.917366749294332
office,101,EF-PD,source_norm,macro_auroc,0.9948618953713778
office,101,EF-PD,source_norm,macro_auprc,0.9466577908625374
office,101,EF-PD,source_norm,nll,0.08695392962979195
office,101,EF-PD,source_norm,class_1_precision,0.9977798082095861
office,101,EF-PD,source_norm,class_1_recall,0.9786016984640123
office,101,EF-PD,source_norm,class_1_f1,0.9880977045271004
office,101,EF-PD,source_norm,class_1_auroc,0.9948620546854257
office,101,EF-PD,source_norm,class_1_auprc,0.9996623361539471
office,101,EF-PD,source_norm,class_2_precision,0.752542372881356
office,101,EF-PD,source_norm,class_2_recall,0.9676214196762142
office,101,EF-PD,source_norm,class_2_f1,0.8466357940615636
office,101,EF-PD,source_norm,class_2_auroc,0.99486173605733
office,101,EF-PD,source_norm,class_2_auprc,0.8936532455711278
office,101,EF-PD,source_norm,brier,0.032816641793106185
office,101,EF-PD,source_norm,ece15,0.007598006928402616
office,101,EF-PD,source_norm,reversed_auroc,0.005138257163348868
office,101,EF-PD,source_norm,recall_return_air_temperature_fault,0.9665666523789113
office,101,EF-PD,source_norm,recall_supply_air_temperature_fault,0.9747817652764307
office,101,EF-PD,source_norm,selective_error_at_0.5,0.0015380752087388316
office,101,EF-PD,source_norm,selective_error_at_0.8,0.0036392172249742893
office,101,EF-PD,source_norm,selective_error_at_1,0.022090212819386057
office,101,EF-PD,source_norm,parameters,12354.0
office,101,EF-PD,source_norm,train_seconds,11.881264700001338
office,101,EF-PD,source_norm,epochs,12.0
office,101,EF-PD,source_norm,inference_ms_per_observation,0.0003259534496560689
office,101,EF-PD,target_norm,accuracy,0.947281687488229
office,101,EF-PD,target_norm,macro_f1,0.8001715873087463
office,101,EF-PD,target_norm,macro_auroc,0.969554197888135
office,101,EF-PD,target_norm,macro_auprc,0.8404053591214725
office,101,EF-PD,target_norm,nll,0.2231506127374069
office,101,EF-PD,target_norm,class_1_precision,0.9800456683252675
office,101,EF-PD,target_norm,class_1_recall,0.9633506976432555
office,101,EF-PD,target_norm,class_1_f1,0.971626472948431
office,101,EF-PD,target_norm,class_1_auroc,0.9695530584406898
office,101,EF-PD,target_norm,class_1_auprc,0.9978690295710777
office,101,EF-PD,target_norm,class_2_precision,0.5651828298887123
office,101,EF-PD,target_norm,class_2_recall,0.7083437110834371
office,101,EF-PD,target_norm,class_2_f1,0.6287167016690616
office,101,EF-PD,target_norm,class_2_auroc,0.9695553373355803
office,101,EF-PD,target_norm,class_2_auprc,0.6829416886718673
office,101,EF-PD,target_norm,brier,0.08876463822772787
office,101,EF-PD,target_norm,ece15,0.042510811338875035
office,101,EF-PD,target_norm,reversed_auroc,0.030445887635609115
office,101,EF-PD,target_norm,recall_return_air_temperature_fault,0.7055293613373339
office,101,EF-PD,target_norm,recall_supply_air_temperature_fault,0.7274490785645005
office,101,EF-PD,target_norm,selective_error_at_0.5,0.0014909912737773867
office,101,EF-PD,target_norm,selective_error_at_0.8,0.006062092304674138
office,101,EF-PD,target_norm,selective_error_at_1,0.05271831251177095
office,101,EF-PD,target_norm,parameters,12354.0
office,101,EF-PD,target_norm,train_seconds,11.881264700001338
office,101,EF-PD,target_norm,epochs,12.0
office,101,EF-PD,target_norm,inference_ms_per_observation,0.0003244075271153576
office,101,EF-PD,coral_adapt,accuracy,0.9473209241006968
office,101,EF-PD,coral_adapt,macro_f1,0.6974696320407376
office,101,EF-PD,coral_adapt,macro_auroc,0.8728535120315116
office,101,EF-PD,coral_adapt,macro_auprc,0.6930647072746264
office,101,EF-PD,coral_adapt,nll,0.4825024130102634
office,101,EF-PD,coral_adapt,class_1_precision,0.9549892197000897
office,101,EF-PD,coral_adapt,class_1_recall,0.9904607963015695
office,101,EF-PD,coral_adapt,class_1_f1,0.9724016296728731
office,101,EF-PD,coral_adapt,class_1_auroc,0.8720117544876969
office,101,EF-PD,coral_adapt,class_1_auprc,0.9902237649635846
office,101,EF-PD,coral_adapt,class_2_precision,0.6831710709318498
office,101,EF-PD,coral_adapt,class_2_recall,0.3058530510585305
office,101,EF-PD,coral_adapt,class_2_f1,0.42253763440860215
office,101,EF-PD,coral_adapt,class_2_auroc,0.8736952695753264
office,101,EF-PD,coral_adapt,class_2_auprc,0.3959056495856684
office,101,EF-PD,coral_adapt,brier,0.10209232154599375
office,101,EF-PD,coral_adapt,ece15,0.045662457395972446
office,101,EF-PD,coral_adapt,reversed_auroc,0.12718660225491069
office,101,EF-PD,coral_adapt,recall_return_air_temperature_fault,0.2983283326189456
office,101,EF-PD,coral_adapt,recall_supply_air_temperature_fault,0.3569350145489816
office,101,EF-PD,coral_adapt,selective_error_at_0.5,0.00040806076966537486
office,101,EF-PD,coral_adapt,selective_error_at_0.8,0.031507185246946845
office,101,EF-PD,coral_adapt,selective_error_at_1,0.05267907589930321
office,101,EF-PD,coral_adapt,parameters,12354.0
office,101,EF-PD,coral_adapt,train_seconds,11.881264700001338
office,101,EF-PD,coral_adapt,epochs,12.0
office,101,EF-PD,coral_adapt,inference_ms_per_observation,0.00032284355570967187
office,101,RO-PDRF-NOQ,source_norm,accuracy,0.923276727980413
office,101,RO-PDRF-NOQ,source_norm,macro_f1,0.6872893790136869
office,101,RO-PDRF-NOQ,source_norm,macro_auroc,0.8815236221379087
office,101,RO-PDRF-NOQ,source_norm,macro_auprc,0.691982671755463
office,101,RO-PDRF-NOQ,source_norm,nll,0.24652180737673876
office,101,RO-PDRF-NOQ,source_norm,class_1_precision,0.961652811818312
office,101,RO-PDRF-NOQ,source_norm,class_1_recall,0.9562486390512722
office,101,RO-PDRF-NOQ,source_norm,class_1_f1,0.9589431116224967
office,101,RO-PDRF-NOQ,source_norm,class_1_auroc,0.8815236218771656
office,101,RO-PDRF-NOQ,source_norm,class_1_auprc,0.9912637919873937
office,101,RO-PDRF-NOQ,source_norm,class_2_precision,0.3996092403172049
office,101,RO-PDRF-NOQ,source_norm,class_2_recall,0.43300124533001244
office,101,RO-PDRF-NOQ,source_norm,class_2_f1,0.41563564640487716
office,101,RO-PDRF-NOQ,source_norm,class_2_auroc,0.8815236223986518
office,101,RO-PDRF-NOQ,source_norm,class_2_auprc,0.39270155152353237
office,101,RO-PDRF-NOQ,source_norm,brier,0.125748276312972
office,101,RO-PDRF-NOQ,source_norm,ece15,0.042946861705931795
office,101,RO-PDRF-NOQ,source_norm,reversed_auroc,0.11847636769310943
office,101,RO-PDRF-NOQ,source_norm,recall_return_air_temperature_fault,0.39377053864837835
office,101,RO-PDRF-NOQ,source_norm,recall_supply_air_temperature_fault,0.6993210475266731
office,101,RO-PDRF-NOQ,source_norm,selective_error_at_0.5,0.0006277857994851921
office,101,RO-PDRF-NOQ,source_norm,selective_error_at_0.8,0.033998724802589586
office,101,RO-PDRF-NOQ,source_norm,selective_error_at_1,0.07672327201958695
office,101,RO-PDRF-NOQ,source_norm,parameters,15055.0
office,101,RO-PDRF-NOQ,source_norm,train_seconds,43.65651309999521
office,101,RO-PDRF-NOQ,source_norm,epochs,12.0
office,101,RO-PDRF-NOQ,source_norm,inference_ms_per_observation,0.0008811405298466324
office,101,RO-PDRF-NOQ,target_norm,accuracy,0.923802498587482
office,101,RO-PDRF-NOQ,target_norm,macro_f1,0.551706902354842
office,101,RO-PDRF-NOQ,target_norm,macro_auroc,0.79132415119822
office,101,RO-PDRF-NOQ,target_norm,macro_auprc,0.5978122462357524
office,101,RO-PDRF-NOQ,target_norm,nll,0.2636336436146839
office,101,RO-PDRF-NOQ,target_norm,class_1_precision,0.9418503480278422
office,101,RO-PDRF-NOQ,target_norm,class_1_recall,0.9791293278169545
office,101,RO-PDRF-NOQ,target_norm,class_1_f1,0.9601281156325709
office,101,RO-PDRF-NOQ,target_norm,class_1_auroc,0.7913241522411925
office,101,RO-PDRF-NOQ,target_norm,class_1_auprc,0.982811570125816
office,101,RO-PDRF-NOQ,target_norm,class_2_precision,0.2457627118644068
office,101,RO-PDRF-NOQ,target_norm,class_2_recall,0.10112079701120796
office,101,RO-PDRF-NOQ,target_norm,class_2_f1,0.14328568907711312
office,101,RO-PDRF-NOQ,target_norm,class_2_auroc,0.7913241501552475
office,101,RO-PDRF-NOQ,target_norm,class_2_auprc,0.21281292234568863
office,101,RO-PDRF-NOQ,target_norm,brier,0.12436345821382483
office,101,RO-PDRF-NOQ,target_norm,ece15,0.04975516362875461
office,101,RO-PDRF-NOQ,target_norm,reversed_auroc,0.20867587956946845
office,101,RO-PDRF-NOQ,target_norm,recall_return_air_temperature_fault,0.07686812401771681
office,101,RO-PDRF-NOQ,target_norm,recall_supply_air_temperature_fault,0.26576139670223087
office,101,RO-PDRF-NOQ,target_norm,selective_error_at_0.5,0.015302278862452168
office,101,RO-PDRF-NOQ,target_norm,selective_error_at_0.8,0.03863848153416061
office,101,RO-PDRF-NOQ,target_norm,selective_error_at_1,0.07619750141251802
office,101,RO-PDRF-NOQ,target_norm,parameters,15055.0
office,101,RO-PDRF-NOQ,target_norm,train_seconds,43.65651309999521
office,101,RO-PDRF-NOQ,target_norm,epochs,12.0
office,101,RO-PDRF-NOQ,target_norm,inference_ms_per_observation,0.0008707177161107653
office,101,RO-PDRF-NOQ,coral_adapt,accuracy,0.9363111306422248
office,101,RO-PDRF-NOQ,coral_adapt,macro_f1,0.6681681844166896
office,101,RO-PDRF-NOQ,coral_adapt,macro_auroc,0.868773080590088
office,101,RO-PDRF-NOQ,coral_adapt,macro_auprc,0.6726763324658537
office,101,RO-PDRF-NOQ,coral_adapt,nll,0.21535080778934398
office,101,RO-PDRF-NOQ,coral_adapt,class_1_precision,0.953924719779413
office,101,RO-PDRF-NOQ,coral_adapt,class_1_recall,0.9793303294752181
office,101,RO-PDRF-NOQ,coral_adapt,class_1_f1,0.9664605924358636
office,101,RO-PDRF-NOQ,coral_adapt,class_1_auroc,0.8687730860656935
office,101,RO-PDRF-NOQ,coral_adapt,class_1_auprc,0.9898692729061054
office,101,RO-PDRF-NOQ,coral_adapt,class_2_precision,0.4911340206185567
office,101,RO-PDRF-NOQ,coral_adapt,class_2_recall,0.2966376089663761
office,101,RO-PDRF-NOQ,coral_adapt,class_2_f1,0.3698757763975155
office,101,RO-PDRF-NOQ,coral_adapt,class_2_auroc,0.8687730751144824
office,101,RO-PDRF-NOQ,coral_adapt,class_2_auprc,0.355483392025602
office,101,RO-PDRF-NOQ,coral_adapt,brier,0.10730300021364401
office,101,RO-PDRF-NOQ,coral_adapt,ece15,0.03550469756016015
office,101,RO-PDRF-NOQ,coral_adapt,reversed_auroc,0.1312269306218663
office,101,RO-PDRF-NOQ,coral_adapt,recall_return_air_temperature_fault,0.2773253321903129
office,101,RO-PDRF-NOQ,coral_adapt,recall_supply_air_temperature_fault,0.4277400581959263
office,101,RO-PDRF-NOQ,coral_adapt,selective_error_at_0.5,0.004582836336242124
office,101,RO-PDRF-NOQ,coral_adapt,selective_error_at_0.8,0.027544264063956048
office,101,RO-PDRF-NOQ,coral_adapt,selective_error_at_1,0.06368886935777518
office,101,RO-PDRF-NOQ,coral_adapt,parameters,15055.0
office,101,RO-PDRF-NOQ,coral_adapt,train_seconds,43.65651309999521
office,101,RO-PDRF-NOQ,coral_adapt,epochs,12.0
office,101,RO-PDRF-NOQ,coral_adapt,inference_ms_per_observation,0.0007740457655641232
office,101,GroupDRO-EF-PD,source_only,accuracy,0.9816058760750832
office,101,GroupDRO-EF-PD,source_only,macro_f1,0.9296301178524682
office,101,GroupDRO-EF-PD,source_only,macro_auroc,0.9952261230065484
office,101,GroupDRO-EF-PD,source_only,macro_auprc,0.9570738133917372
office,101,GroupDRO-EF-PD,source_only,nll,0.06784999735733223
office,101,GroupDRO-EF-PD,source_only,class_1_precision,0.9979157450573383
office,101,GroupDRO-EF-PD,source_only,class_1_recall,0.9824207299710223
office,101,GroupDRO-EF-PD,source_only,class_1_f1,0.9901076176408525
office,101,GroupDRO-EF-PD,source_only,class_1_auroc,0.9952261219635758
office,101,GroupDRO-EF-PD,source_only,class_1_auprc,0.9996848684284144
office,101,GroupDRO-EF-PD,source_only,class_2_precision,0.787636584378794
office,101,GroupDRO-EF-PD,source_only,class_2_recall,0.9694894146948941
office,101,GroupDRO-EF-PD,source_only,class_2_f1,0.869152618064084
office,101,GroupDRO-EF-PD,source_only,class_2_auroc,0.9952261240495209
office,101,GroupDRO-EF-PD,source_only,class_2_auprc,0.9144627583550601
office,101,GroupDRO-EF-PD,source_only,brier,0.03225782670600988
office,101,GroupDRO-EF-PD,source_only,ece15,0.009996453601691808
office,101,GroupDRO-EF-PD,source_only,reversed_auroc,0.0047738759504790795
office,101,GroupDRO-EF-PD,source_only,recall_return_air_temperature_fault,0.9685669381340192
office,101,GroupDRO-EF-PD,source_only,recall_supply_air_temperature_fault,0.9757516973811833
office,101,GroupDRO-EF-PD,source_only,selective_error_at_0.5,0.0007219536694079709
office,101,GroupDRO-EF-PD,source_only,selective_error_at_0.8,0.0035999803815782716
office,101,GroupDRO-EF-PD,source_only,selective_error_at_1,0.018394123924916794
office,101,GroupDRO-EF-PD,source_only,train_seconds,20.499465899993083
office,101,GroupDRO-EF-PD,source_only,parameters,12354.0
office,101,GroupDRO-EF-PD,source_only,epochs,12.0
office,101,GroupDRO-EF-PD,source_only,inference_ms_per_observation,0.0003880351873267553
office,101,HGB-current,source_only,accuracy,0.9819668529097871
office,101,HGB-current,source_only,macro_f1,0.9214686281637521
office,101,HGB-current,source_only,macro_auroc,0.9900124156488177
office,101,HGB-current,source_only,macro_auprc,0.9470005641903925
office,101,HGB-current,source_only,nll,0.06816490930617392
office,101,HGB-current,source_only,class_1_precision,0.9884299037354644
office,101,HGB-current,source_only,class_1_recall,0.9923703120550744
office,101,HGB-current,source_only,class_1_f1,0.9903961885656971
office,101,HGB-current,source_only,class_1_auroc,0.9900124156488177
office,101,HGB-current,source_only,class_1_auprc,0.9993173227408818
office,101,HGB-current,source_only,class_2_precision,0.8794016415144295
office,101,HGB-current,source_only,class_2_recall,0.8272727272727273
office,101,HGB-current,source_only,class_2_f1,0.8525410677618069
office,101,HGB-current,source_only,class_2_auroc,0.9900124156488177
office,101,HGB-current,source_only,class_2_auprc,0.894683805639903
office,101,HGB-current,source_only,brier,0.03158783178755519
office,101,HGB-current,source_only,ece15,0.010037029915378571
office,101,HGB-current,source_only,reversed_auroc,0.009987584351182355
office,101,HGB-current,source_only,recall_return_air_temperature_fault,0.8064009144163452
office,101,HGB-current,source_only,recall_supply_air_temperature_fault,0.9689621726479146
office,101,HGB-current,source_only,selective_error_at_0.5,0.0
office,101,HGB-current,source_only,selective_error_at_0.8,0.0003825592231104791
office,101,HGB-current,source_only,selective_error_at_1,0.018033147090212864
office,101,HGB-current,source_only,train_seconds,2.0238189000083366
office,101,HGB-current,source_only,parameters,
office,101,HGB-current,source_only,epochs,
office,101,HGB-current,source_only,inference_ms_per_observation,
office,102,EF-PD,source_norm,accuracy,0.9358638332600917
office,102,EF-PD,source_norm,macro_f1,0.8126783883868142
office,102,EF-PD,source_norm,macro_auroc,0.9907786155720841
office,102,EF-PD,source_norm,macro_auprc,0.9124580668465322
office,102,EF-PD,source_norm,nll,0.2003809523795271
office,102,EF-PD,source_norm,class_1_precision,0.999371458844023
office,102,EF-PD,source_norm,class_1_recall,0.9321368151287248
office,102,EF-PD,source_norm,class_1_f1,0.9645839381898073
office,102,EF-PD,source_norm,class_1_auroc,0.9907785201401013
office,102,EF-PD,source_norm,class_1_auprc,0.9993864266183103
office,102,EF-PD,source_norm,class_2_precision,0.4955487766917761
office,102,EF-PD,source_norm,class_2_recall,0.9912826899128269
office,102,EF-PD,source_norm,class_2_f1,0.6607728385838211
office,102,EF-PD,source_norm,class_2_auroc,0.990778711004067
office,102,EF-PD,source_norm,class_2_auprc,0.825529707074754
office,102,EF-PD,source_norm,brier,0.09907812652644954
office,102,EF-PD,source_norm,ece15,0.036768819709040126
office,102,EF-PD,source_norm,reversed_auroc,0.009221288474446853
office,102,EF-PD,source_norm,recall_return_air_temperature_fault,0.9919988569795685
office,102,EF-PD,source_norm,recall_supply_air_temperature_fault,0.9864209505334627
office,102,EF-PD,source_norm,selective_error_at_0.5,0.005869797225186768
office,102,EF-PD,source_norm,selective_error_at_0.8,0.007327480504193407
office,102,EF-PD,source_norm,selective_error_at_1,0.0641361667399083
office,102,EF-PD,source_norm,parameters,12354.0
office,102,EF-PD,source_norm,train_seconds,17.45127119999961
office,102,EF-PD,source_norm,epochs,12.0
office,102,EF-PD,source_norm,inference_ms_per_observation,0.00037068004898555603
office,102,EF-PD,target_norm,accuracy,0.9298606315525143
office,102,EF-PD,target_norm,macro_f1,0.7611222716569745
office,102,EF-PD,target_norm,macro_auroc,0.941184794689718
office,102,EF-PD,target_norm,macro_auprc,0.7528600247248529
office,102,EF-PD,target_norm,nll,0.3134076475107988
office,102,EF-PD,target_norm,class_1_precision,0.9797276169961435
office,102,EF-PD,target_norm,class_1_recall,0.9446910437011106
office,102,EF-PD,target_norm,class_1_f1,0.9618903868948638
office,102,EF-PD,target_norm,class_1_auroc,0.9411847751339839
office,102,EF-PD,target_norm,class_1_auprc,0.995705266102265
office,102,EF-PD,target_norm,class_2_precision,0.46308943089430893
office,102,EF-PD,target_norm,class_2_recall,0.7093399750933997
office,102,EF-PD,target_norm,class_2_f1,0.5603541564190851
office,102,EF-PD,target_norm,class_2_auroc,0.9411848142454522
office,102,EF-PD,target_norm,class_2_auprc,0.5100147833474409
office,102,EF-PD,target_norm,brier,0.1242879594080205
office,102,EF-PD,target_norm,ece15,0.05170178184854884
office,102,EF-PD,target_norm,reversed_auroc,0.05881512995551952
office,102,EF-PD,target_norm,recall_return_air_temperature_fault,0.7039577082440348
office,102,EF-PD,target_norm,recall_supply_air_temperature_fault,0.7458777885548011
office,102,EF-PD,target_norm,selective_error_at_0.5,0.004316027371460862
office,102,EF-PD,target_norm,selective_error_at_0.8,0.02682819167198003
office,102,EF-PD,target_norm,selective_error_at_1,0.0701393684474857
office,102,EF-PD,target_norm,parameters,12354.0
office,102,EF-PD,target_norm,train_seconds,17.45127119999961
office,102,EF-PD,target_norm,epochs,12.0
office,102,EF-PD,target_norm,inference_ms_per_observation,0.0002958417037987632
office,102,EF-PD,coral_adapt,accuracy,0.9323717747504552
office,102,EF-PD,coral_adapt,macro_f1,0.6677899079457291
office,102,EF-PD,coral_adapt,macro_auroc,0.8494568240991227
office,102,EF-PD,coral_adapt,macro_auprc,0.6543444165030577
office,102,EF-PD,coral_adapt,nll,0.4364120736410142
office,102,EF-PD,coral_adapt,class_1_precision,0.9549501453751006
office,102,EF-PD,coral_adapt,class_1_recall,0.9737609085274953
office,102,EF-PD,coral_adapt,class_1_f1,0.9642637960490305
office,102,EF-PD,coral_adapt,class_1_auroc,0.8494572381592012
office,102,EF-PD,coral_adapt,class_1_auprc,0.9885424250868885
office,102,EF-PD,coral_adapt,class_2_precision,0.4482212046495245
office,102,EF-PD,coral_adapt,class_2_recall,0.31693648816936487
office,102,EF-PD,coral_adapt,class_2_f1,0.3713160198424278
office,102,EF-PD,coral_adapt,class_2_auroc,0.8494564100390442
office,102,EF-PD,coral_adapt,class_2_auprc,0.320146407919227
office,102,EF-PD,coral_adapt,brier,0.125970563212325
office,102,EF-PD,coral_adapt,ece15,0.05111339885966687
office,102,EF-PD,coral_adapt,reversed_auroc,0.15054120676881638
office,102,EF-PD,coral_adapt,recall_return_air_temperature_fault,0.3066152307472496
office,102,EF-PD,coral_adapt,recall_supply_air_temperature_fault,0.38700290979631424
office,102,EF-PD,coral_adapt,selective_error_at_0.5,0.0039707451817440065
office,102,EF-PD,coral_adapt,selective_error_at_0.8,0.03638236303889353
office,102,EF-PD,coral_adapt,selective_error_at_1,0.06762822524954482
office,102,EF-PD,coral_adapt,parameters,12354.0
office,102,EF-PD,coral_adapt,train_seconds,17.45127119999961
office,102,EF-PD,coral_adapt,epochs,12.0
office,102,EF-PD,coral_adapt,inference_ms_per_observation,0.00033494177287977635
office,102,RO-PDRF-NOQ,source_norm,accuracy,0.9218563626090778
office,102,RO-PDRF-NOQ,source_norm,macro_f1,0.6777177740290166
office,102,RO-PDRF-NOQ,source_norm,macro_auroc,0.8852939507407849
office,102,RO-PDRF-NOQ,source_norm,macro_auprc,0.6726311457349956
office,102,RO-PDRF-NOQ,source_norm,nll,0.25030380456708784
office,102,RO-PDRF-NOQ,source_norm,class_1_precision,0.9600729767449682
office,102,RO-PDRF-NOQ,source_norm,class_1_recall,0.956374265087687
office,102,RO-PDRF-NOQ,source_norm,class_1_f1,0.9582200516899942
office,102,RO-PDRF-NOQ,source_norm,class_1_auroc,0.8852939465688949
office,102,RO-PDRF-NOQ,source_norm,class_1_auprc,0.9917024796388824
office,102,RO-PDRF-NOQ,source_norm,class_2_precision,0.38645465253239103
office,102,RO-PDRF-NOQ,source_norm,class_2_recall,0.4085927770859278
office,102,RO-PDRF-NOQ,source_norm,class_2_f1,0.39721549636803877
office,102,RO-PDRF-NOQ,source_norm,class_2_auroc,0.8852939549126747
office,102,RO-PDRF-NOQ,source_norm,class_2_auprc,0.35355981183110885
office,102,RO-PDRF-NOQ,source_norm,brier,0.12667941988276873
office,102,RO-PDRF-NOQ,source_norm,ece15,0.04400078866669846
office,102,RO-PDRF-NOQ,source_norm,reversed_auroc,0.11470605134516021
office,102,RO-PDRF-NOQ,source_norm,recall_return_air_temperature_fault,0.37476782397485353
office,102,RO-PDRF-NOQ,source_norm,recall_supply_air_temperature_fault,0.6382153249272551
office,102,RO-PDRF-NOQ,source_norm,selective_error_at_0.5,1.5694644987185313e-05
office,102,RO-PDRF-NOQ,source_norm,selective_error_at_0.8,0.031330619451665154
office,102,RO-PDRF-NOQ,source_norm,selective_error_at_1,0.07814363739092223
office,102,RO-PDRF-NOQ,source_norm,parameters,15055.0
office,102,RO-PDRF-NOQ,source_norm,train_seconds,62.58078150000074
office,102,RO-PDRF-NOQ,source_norm,epochs,12.0
office,102,RO-PDRF-NOQ,source_norm,inference_ms_per_observation,0.0007099551133401561
office,102,RO-PDRF-NOQ,target_norm,accuracy,0.9229863770481511
office,102,RO-PDRF-NOQ,target_norm,macro_f1,0.5335442596583192
office,102,RO-PDRF-NOQ,target_norm,macro_auroc,0.7679691240197127
office,102,RO-PDRF-NOQ,target_norm,macro_auprc,0.5803964179063354
office,102,RO-PDRF-NOQ,target_norm,nll,0.2885531553052714
office,102,RO-PDRF-NOQ,target_norm,class_1_precision,0.9402256001542565
office,102,RO-PDRF-NOQ,target_norm,class_1_recall,0.9801175859700842
office,102,RO-PDRF-NOQ,target_norm,class_1_f1,0.959757247713946
office,102,RO-PDRF-NOQ,target_norm,class_1_auroc,0.7679691091573547
office,102,RO-PDRF-NOQ,target_norm,class_1_auprc,0.9808943323483282
office,102,RO-PDRF-NOQ,target_norm,class_2_precision,0.199055330634278
office,102,RO-PDRF-NOQ,target_norm,class_2_recall,0.07347447073474471
office,102,RO-PDRF-NOQ,target_norm,class_2_f1,0.10733127160269237
office,102,RO-PDRF-NOQ,target_norm,class_2_auroc,0.7679691388820707
office,102,RO-PDRF-NOQ,target_norm,class_2_auprc,0.17989850346434255
office,102,RO-PDRF-NOQ,target_norm,brier,0.1275160351543434
office,102,RO-PDRF-NOQ,target_norm,ece15,0.05202666946189074
office,102,RO-PDRF-NOQ,target_norm,reversed_auroc,0.23203087571954412
office,102,RO-PDRF-NOQ,target_norm,recall_return_air_temperature_fault,0.05386483783397628
office,102,RO-PDRF-NOQ,target_norm,recall_supply_air_temperature_fault,0.20659553831231814
office,102,RO-PDRF-NOQ,target_norm,selective_error_at_0.5,0.008145520748320645
office,102,RO-PDRF-NOQ,target_norm,selective_error_at_0.8,0.04129677767423612
office,102,RO-PDRF-NOQ,target_norm,selective_error_at_1,0.07701362295184888
office,102,RO-PDRF-NOQ,target_norm,parameters,15055.0
office,102,RO-PDRF-NOQ,target_norm,train_seconds,62.58078150000074
office,102,RO-PDRF-NOQ,target_norm,epochs,12.0
office,102,RO-PDRF-NOQ,target_norm,inference_ms_per_observation,0.0005991163915360198
office,102,RO-PDRF-NOQ,coral_adapt,accuracy,0.9381238621382384
office,102,RO-PDRF-NOQ,coral_adapt,macro_f1,0.6647957820040971
office,102,RO-PDRF-NOQ,coral_adapt,macro_auroc,0.855975726265028
office,102,RO-PDRF-NOQ,coral_adapt,macro_auprc,0.6640536177397928
office,102,RO-PDRF-NOQ,coral_adapt,nll,0.2176032211894505
office,102,RO-PDRF-NOQ,coral_adapt,class_1_precision,0.9529492043119064
office,102,RO-PDRF-NOQ,coral_adapt,class_1_recall,0.9824709803855882
office,102,RO-PDRF-NOQ,coral_adapt,class_1_f1,0.9674849383306598
office,102,RO-PDRF-NOQ,coral_adapt,class_1_auroc,0.855975717660505
office,102,RO-PDRF-NOQ,coral_adapt,class_1_auprc,0.9888764225584676
office,102,RO-PDRF-NOQ,coral_adapt,class_2_precision,0.5167397829600554
office,102,RO-PDRF-NOQ,coral_adapt,class_2_recall,0.2787048567870486
office,102,RO-PDRF-NOQ,coral_adapt,class_2_f1,0.36210662567753416
office,102,RO-PDRF-NOQ,coral_adapt,class_2_auroc,0.8559757348695511
office,102,RO-PDRF-NOQ,coral_adapt,class_2_auprc,0.3392308129211179
office,102,RO-PDRF-NOQ,coral_adapt,brier,0.10480530891178434
office,102,RO-PDRF-NOQ,coral_adapt,ece15,0.03304101097916054
office,102,RO-PDRF-NOQ,coral_adapt,reversed_auroc,0.14402427451720126
office,102,RO-PDRF-NOQ,coral_adapt,recall_return_air_temperature_fault,0.26303757679668527
office,102,RO-PDRF-NOQ,coral_adapt,recall_supply_air_temperature_fault,0.3850630455868089
office,102,RO-PDRF-NOQ,coral_adapt,selective_error_at_0.5,0.003907966601795487
office,102,RO-PDRF-NOQ,coral_adapt,selective_error_at_0.8,0.034155672176173435
office,102,RO-PDRF-NOQ,coral_adapt,selective_error_at_1,0.061876137861761604
office,102,RO-PDRF-NOQ,coral_adapt,parameters,15055.0
office,102,RO-PDRF-NOQ,coral_adapt,train_seconds,62.58078150000074
office,102,RO-PDRF-NOQ,coral_adapt,epochs,12.0
office,102,RO-PDRF-NOQ,coral_adapt,inference_ms_per_observation,0.000667811067866846
office,102,GroupDRO-EF-PD,source_only,accuracy,0.98747567330027
office,102,GroupDRO-EF-PD,source_only,macro_f1,0.9472818421644169
office,102,GroupDRO-EF-PD,source_only,macro_auroc,0.9950020706132844
office,102,GroupDRO-EF-PD,source_only,macro_auprc,0.944724976936827
office,102,GroupDRO-EF-PD,source_only,nll,0.05382756542374428
office,102,GroupDRO-EF-PD,source_only,class_1_precision,0.9937384744341995
office,102,GroupDRO-EF-PD,source_only,class_1_recall,0.9928895663389223
office,102,GroupDRO-EF-PD,source_only,class_1_f1,0.9933138390126601
office,102,GroupDRO-EF-PD,source_only,class_1_auroc,0.9950020487108621
office,102,GroupDRO-EF-PD,source_only,class_1_auprc,0.9996678142917326
office,102,GroupDRO-EF-PD,source_only,class_2_precision,0.8955976389572061
office,102,GroupDRO-EF-PD,source_only,class_2_recall,0.9069738480697385
office,102,GroupDRO-EF-PD,source_only,class_2_f1,0.9012498453161737
office,102,GroupDRO-EF-PD,source_only,class_2_auroc,0.9950020925157067
office,102,GroupDRO-EF-PD,source_only,class_2_auprc,0.8897821395819214
office,102,GroupDRO-EF-PD,source_only,brier,0.020668609026978067
office,102,GroupDRO-EF-PD,source_only,ece15,0.002919772492416625
office,102,GroupDRO-EF-PD,source_only,reversed_auroc,0.00499789705456851
office,102,GroupDRO-EF-PD,source_only,recall_return_air_temperature_fault,0.9039862837548222
office,102,GroupDRO-EF-PD,source_only,recall_supply_air_temperature_fault,0.92725509214355
office,102,GroupDRO-EF-PD,source_only,selective_error_at_0.5,1.5694644987185313e-05
office,102,GroupDRO-EF-PD,source_only,selective_error_at_0.8,0.0033253224778067025
office,102,GroupDRO-EF-PD,source_only,selective_error_at_1,0.012524326699730026
office,102,GroupDRO-EF-PD,source_only,train_seconds,20.174146399993333
office,102,GroupDRO-EF-PD,source_only,parameters,12354.0
office,102,GroupDRO-EF-PD,source_only,epochs,12.0
office,102,GroupDRO-EF-PD,source_only,inference_ms_per_observation,0.00023106598035754173
office,102,HGB-current,source_only,accuracy,0.9824533869043882
office,102,HGB-current,source_only,macro_f1,0.9233482372791411
office,102,HGB-current,source_only,macro_auroc,0.9920006075106159
office,102,HGB-current,source_only,macro_auprc,0.9557162909655029
office,102,HGB-current,source_only,nll,0.05958764367194111
office,102,HGB-current,source_only,class_1_precision,0.9884766113566247
office,102,HGB-current,source_only,class_1_recall,0.9928476909934507
office,102,HGB-current,source_only,class_1_f1,0.9906573295672957
office,102,HGB-current,source_only,class_1_auroc,0.9920006075106159
office,102,HGB-current,source_only,class_1_auprc,0.9994517585060804
office,102,HGB-current,source_only,class_2_precision,0.8861636896827513
office,102,HGB-current,source_only,class_2_recall,0.8278953922789539
office,102,HGB-current,source_only,class_2_f1,0.8560391449909863
office,102,HGB-current,source_only,class_2_auroc,0.9920006075106159
office,102,HGB-current,source_only,class_2_auprc,0.9119808234249255
office,102,HGB-current,source_only,brier,0.028160484455132306
office,102,HGB-current,source_only,ece15,0.010244619547287483
office,102,HGB-current,source_only,reversed_auroc,0.007999392489384048
office,102,HGB-current,source_only,recall_return_air_temperature_fault,0.8102586083726246
office,102,HGB-current,source_only,recall_supply_air_temperature_fault,0.9476236663433559
office,102,HGB-current,source_only,selective_error_at_0.5,0.0
office,102,HGB-current,source_only,selective_error_at_0.8,0.0006670263377310803
office,102,HGB-current,source_only,selective_error_at_1,0.017546613095611785
office,102,HGB-current,source_only,train_seconds,2.3149035000096774
office,102,HGB-current,source_only,parameters,
office,102,HGB-current,source_only,epochs,
office,102,HGB-current,source_only,inference_ms_per_observation,
office,103,EF-PD,source_norm,accuracy,0.9367898173143323
office,103,EF-PD,source_norm,macro_f1,0.8135087166219557
office,103,EF-PD,source_norm,macro_auroc,0.992968077396819
office,103,EF-PD,source_norm,macro_auprc,0.9495393775203382
office,103,EF-PD,source_norm,nll,0.14375865708510818
office,103,EF-PD,source_norm,class_1_precision,0.9986922132946372
office,103,EF-PD,source_norm,class_1_recall,0.9337615785330229
office,103,EF-PD,source_norm,class_1_f1,0.9651360581022416
office,103,EF-PD,source_norm,class_1_auroc,0.9929680734856722
office,103,EF-PD,source_norm,class_1_auprc,0.999525354440268
office,103,EF-PD,source_norm,class_2_precision,0.49920851009941114
office,103,EF-PD,source_norm,class_2_recall,0.9818181818181818
office,103,EF-PD,source_norm,class_2_f1,0.6618813751416698
office,103,EF-PD,source_norm,class_2_auroc,0.992968081307966
office,103,EF-PD,source_norm,class_2_auprc,0.8995534006004084
office,103,EF-PD,source_norm,brier,0.08395214671689481
office,103,EF-PD,source_norm,ece15,0.02721715075603439
office,103,EF-PD,source_norm,reversed_auroc,0.007031917649061579
office,103,EF-PD,source_norm,recall_return_air_temperature_fault,0.9809972853264752
office,103,EF-PD,source_norm,recall_supply_air_temperature_fault,0.9873908826382153
office,103,EF-PD,source_norm,selective_error_at_0.5,0.004629920271203458
office,103,EF-PD,source_norm,selective_error_at_0.8,0.005032125165530421
office,103,EF-PD,source_norm,selective_error_at_1,0.06321018268566769
office,103,EF-PD,source_norm,parameters,12354.0
office,103,EF-PD,source_norm,train_seconds,19.717932800005656
office,103,EF-PD,source_norm,epochs,12.0
office,103,EF-PD,source_norm,inference_ms_per_observation,0.0002680637516075033
office,103,EF-PD,target_norm,accuracy,0.9389635256450499
office,103,EF-PD,target_norm,macro_f1,0.7729683275072521
office,103,EF-PD,target_norm,macro_auroc,0.9532828231838517
office,103,EF-PD,target_norm,macro_auprc,0.7948250674433541
office,103,EF-PD,target_norm,nll,0.2195061587281995
office,103,EF-PD,target_norm,class_1_precision,0.9770501051335966
office,103,EF-PD,target_norm,class_1_recall,0.9573457731026281
office,103,EF-PD,target_norm,class_1_f1,0.9670975820233845
office,103,EF-PD,target_norm,class_1_auroc,0.9532826005092252
office,103,EF-PD,target_norm,class_1_auprc,0.9966759409950026
office,103,EF-PD,target_norm,class_2_precision,0.5120712780226097
office,103,EF-PD,target_norm,class_2_recall,0.6656288916562889
office,103,EF-PD,target_norm,class_2_f1,0.5788390729911198
office,103,EF-PD,target_norm,class_2_auroc,0.9532830458584782
office,103,EF-PD,target_norm,class_2_auprc,0.5929741938917058
office,103,EF-PD,target_norm,brier,0.10512061759790366
office,103,EF-PD,target_norm,ece15,0.04657724940170262
office,103,EF-PD,target_norm,reversed_auroc,0.046716897299521026
office,103,EF-PD,target_norm,recall_return_air_temperature_fault,0.6540934419202743
office,103,EF-PD,target_norm,recall_supply_air_temperature_fault,0.7439379243452958
office,103,EF-PD,target_norm,selective_error_at_0.5,9.416786992277881e-05
office,103,EF-PD,target_norm,selective_error_at_0.8,0.007602138407965087
office,103,EF-PD,target_norm,selective_error_at_1,0.06103647435495008
office,103,EF-PD,target_norm,parameters,12354.0
office,103,EF-PD,target_norm,train_seconds,19.717932800005656
office,103,EF-PD,target_norm,epochs,12.0
office,103,EF-PD,target_norm,inference_ms_per_observation,0.0003046534622922371
office,103,EF-PD,coral_adapt,accuracy,0.9372763513089334
office,103,EF-PD,coral_adapt,macro_f1,0.6777648445635261
office,103,EF-PD,coral_adapt,macro_auroc,0.8519055923517409
office,103,EF-PD,coral_adapt,macro_auprc,0.6921448605944428
office,103,EF-PD,coral_adapt,nll,0.4780618833331659
office,103,EF-PD,coral_adapt,class_1_precision,0.9551430275596663
office,103,EF-PD,coral_adapt,class_1_recall,0.979037202056917
office,103,EF-PD,coral_adapt,class_1_f1,0.9669425247424428
office,103,EF-PD,coral_adapt,class_1_auroc,0.8518061566582644
office,103,EF-PD,coral_adapt,class_1_auprc,0.9884661612332188
office,103,EF-PD,coral_adapt,class_2_precision,0.5036684513186596
office,103,EF-PD,coral_adapt,class_2_recall,0.3163138231631382
office,103,EF-PD,coral_adapt,class_2_f1,0.3885871643846095
office,103,EF-PD,coral_adapt,class_2_auroc,0.8520050280452174
office,103,EF-PD,coral_adapt,class_2_auprc,0.39582355995566676
office,103,EF-PD,coral_adapt,brier,0.11297165853213913
office,103,EF-PD,coral_adapt,ece15,0.05201834636259844
office,103,EF-PD,coral_adapt,reversed_auroc,0.14820529152927156
office,103,EF-PD,coral_adapt,recall_return_air_temperature_fault,0.30647235319331334
office,103,EF-PD,coral_adapt,recall_supply_air_temperature_fault,0.3831231813773036
office,103,EF-PD,coral_adapt,selective_error_at_0.5,0.0019932199133655404
office,103,EF-PD,coral_adapt,selective_error_at_0.8,0.03385158663985477
office,103,EF-PD,coral_adapt,selective_error_at_1,0.06272364869106661
office,103,EF-PD,coral_adapt,parameters,12354.0
office,103,EF-PD,coral_adapt,train_seconds,19.717932800005656
office,103,EF-PD,coral_adapt,epochs,12.0
office,103,EF-PD,coral_adapt,inference_ms_per_observation,0.0002981150730782818
office,103,RO-PDRF-NOQ,source_norm,accuracy,0.9206635695900559
office,103,RO-PDRF-NOQ,source_norm,macro_f1,0.6821244923013752
office,103,RO-PDRF-NOQ,source_norm,macro_auroc,0.8839529110540754
office,103,RO-PDRF-NOQ,source_norm,macro_auprc,0.6913430010815534
office,103,RO-PDRF-NOQ,source_norm,nll,0.24724076257295463
office,103,RO-PDRF-NOQ,source_norm,class_1_precision,0.961459212970782
office,103,RO-PDRF-NOQ,source_norm,class_1_recall,0.9535518668029012
office,103,RO-PDRF-NOQ,source_norm,class_1_f1,0.957489214622701
office,103,RO-PDRF-NOQ,source_norm,class_1_auroc,0.8839529139222497
office,103,RO-PDRF-NOQ,source_norm,class_1_auprc,0.9914740649726603
office,103,RO-PDRF-NOQ,source_norm,class_2_precision,0.38459831335996447
office,103,RO-PDRF-NOQ,source_norm,class_2_recall,0.4316313823163138
office,103,RO-PDRF-NOQ,source_norm,class_2_f1,0.4067597699800493
office,103,RO-PDRF-NOQ,source_norm,class_2_auroc,0.883952908185901
office,103,RO-PDRF-NOQ,source_norm,class_2_auprc,0.3912119371904466
office,103,RO-PDRF-NOQ,source_norm,brier,0.12676582121578508
office,103,RO-PDRF-NOQ,source_norm,ece15,0.04455712226680372
office,103,RO-PDRF-NOQ,source_norm,reversed_auroc,0.11604709755044769
office,103,RO-PDRF-NOQ,source_norm,recall_return_air_temperature_fault,0.3949135590798685
office,103,RO-PDRF-NOQ,source_norm,recall_supply_air_temperature_fault,0.6808923375363725
office,103,RO-PDRF-NOQ,source_norm,selective_error_at_0.5,0.00026680896478126215
office,103,RO-PDRF-NOQ,source_norm,selective_error_at_0.8,0.032890283976654056
office,103,RO-PDRF-NOQ,source_norm,selective_error_at_1,0.07933643040994409
office,103,RO-PDRF-NOQ,source_norm,parameters,15055.0
office,103,RO-PDRF-NOQ,source_norm,train_seconds,62.051040999998804
office,103,RO-PDRF-NOQ,source_norm,epochs,12.0
office,103,RO-PDRF-NOQ,source_norm,inference_ms_per_observation,0.0006554672296878963
office,103,RO-PDRF-NOQ,target_norm,accuracy,0.9242497959696152
office,103,RO-PDRF-NOQ,target_norm,macro_f1,0.5539256891766625
office,103,RO-PDRF-NOQ,target_norm,macro_auroc,0.7895413000209867
office,103,RO-PDRF-NOQ,target_norm,macro_auprc,0.5987738213806906
office,103,RO-PDRF-NOQ,target_norm,nll,0.26477387587007695
office,103,RO-PDRF-NOQ,target_norm,class_1_precision,0.942040776871088
office,103,RO-PDRF-NOQ,target_norm,class_1_recall,0.9794140801661614
office,103,RO-PDRF-NOQ,target_norm,class_1_f1,0.9603639633572992
office,103,RO-PDRF-NOQ,target_norm,class_1_auroc,0.7895413227056383
office,103,RO-PDRF-NOQ,target_norm,class_1_auprc,0.9826402278877966
office,103,RO-PDRF-NOQ,target_norm,class_2_precision,0.25356817491648953
office,103,RO-PDRF-NOQ,target_norm,class_2_recall,0.10398505603985056
office,103,RO-PDRF-NOQ,target_norm,class_2_f1,0.1474874149960258
office,103,RO-PDRF-NOQ,target_norm,class_2_auroc,0.7895412773363351
office,103,RO-PDRF-NOQ,target_norm,class_2_auprc,0.2149074148735846
office,103,RO-PDRF-NOQ,target_norm,brier,0.12443867631080475
office,103,RO-PDRF-NOQ,target_norm,ece15,0.05032440906164753
office,103,RO-PDRF-NOQ,target_norm,reversed_auroc,0.21045871536285754
office,103,RO-PDRF-NOQ,target_norm,recall_return_air_temperature_fault,0.07958279754250608
office,103,RO-PDRF-NOQ,target_norm,recall_supply_air_temperature_fault,0.2696411251212415
office,103,RO-PDRF-NOQ,target_norm,selective_error_at_0.5,0.012540021344717212
office,103,RO-PDRF-NOQ,target_norm,selective_error_at_0.8,0.03914856049830795
office,103,RO-PDRF-NOQ,target_norm,selective_error_at_1,0.0757502040303848
office,103,RO-PDRF-NOQ,target_norm,parameters,15055.0
office,103,RO-PDRF-NOQ,target_norm,train_seconds,62.051040999998804
office,103,RO-PDRF-NOQ,target_norm,epochs,12.0
office,103,RO-PDRF-NOQ,target_norm,inference_ms_per_observation,0.0006514329210786163
office,103,RO-PDRF-NOQ,coral_adapt,accuracy,0.936993847699165
office,103,RO-PDRF-NOQ,coral_adapt,macro_f1,0.6745230629322303
office,103,RO-PDRF-NOQ,coral_adapt,macro_auroc,0.8625793936733664
office,103,RO-PDRF-NOQ,coral_adapt,macro_auprc,0.6661740577625721
office,103,RO-PDRF-NOQ,coral_adapt,nll,0.221584079379317
office,103,RO-PDRF-NOQ,coral_adapt,class_1_precision,0.9547135916384273
office,103,RO-PDRF-NOQ,coral_adapt,class_1_recall,0.9792047034388034
office,103,RO-PDRF-NOQ,coral_adapt,class_1_f1,0.9668040700054162
office,103,RO-PDRF-NOQ,coral_adapt,class_1_auroc,0.8625793934126232
office,103,RO-PDRF-NOQ,coral_adapt,class_1_auprc,0.9893465358101916
office,103,RO-PDRF-NOQ,coral_adapt,class_2_precision,0.5001006643849406
office,103,RO-PDRF-NOQ,coral_adapt,class_2_recall,0.3093399750933998
office,103,RO-PDRF-NOQ,coral_adapt,class_2_f1,0.3822420558590444
office,103,RO-PDRF-NOQ,coral_adapt,class_2_auroc,0.8625793939341097
office,103,RO-PDRF-NOQ,coral_adapt,class_2_auprc,0.3430015797149525
office,103,RO-PDRF-NOQ,coral_adapt,brier,0.10838141396133066
office,103,RO-PDRF-NOQ,coral_adapt,ece15,0.03344584111926675
office,103,RO-PDRF-NOQ,coral_adapt,reversed_auroc,0.13742059667913806
office,103,RO-PDRF-NOQ,coral_adapt,recall_return_air_temperature_fault,0.2963280468638377
office,103,RO-PDRF-NOQ,coral_adapt,recall_supply_air_temperature_fault,0.3976721629485936
office,103,RO-PDRF-NOQ,coral_adapt,selective_error_at_0.5,0.004567141691254939
office,103,RO-PDRF-NOQ,coral_adapt,selective_error_at_0.8,0.0346755603511697
office,103,RO-PDRF-NOQ,coral_adapt,selective_error_at_1,0.06300615230083495
office,103,RO-PDRF-NOQ,coral_adapt,parameters,15055.0
office,103,RO-PDRF-NOQ,coral_adapt,train_seconds,62.051040999998804
office,103,RO-PDRF-NOQ,coral_adapt,epochs,12.0
office,103,RO-PDRF-NOQ,coral_adapt,inference_ms_per_observation,0.0006895920962224152
office,103,GroupDRO-EF-PD,source_only,accuracy,0.9763717119718752
office,103,GroupDRO-EF-PD,source_only,macro_f1,0.9121427623676029
office,103,GroupDRO-EF-PD,source_only,macro_auroc,0.9941092053315168
office,103,GroupDRO-EF-PD,source_only,macro_auprc,0.9433107455423261
office,103,GroupDRO-EF-PD,source_only,nll,0.0829193869058975
office,103,GroupDRO-EF-PD,source_only,class_1_precision,0.9974527084205937
office,103,GroupDRO-EF-PD,source_only,class_1_recall,0.9772784375471097
office,103,GroupDRO-EF-PD,source_only,class_1_f1,0.987262520675666
office,103,GroupDRO-EF-PD,source_only,class_1_auroc,0.9941092214975904
office,103,GroupDRO-EF-PD,source_only,class_1_auprc,0.9996092216077241
office,103,GroupDRO-EF-PD,source_only,class_2_precision,0.7402584968884633
office,103,GroupDRO-EF-PD,source_only,class_2_recall,0.9628891656288917
office,103,GroupDRO-EF-PD,source_only,class_2_f1,0.8370230040595399
office,103,GroupDRO-EF-PD,source_only,class_2_auroc,0.9941091891654433
office,103,GroupDRO-EF-PD,source_only,class_2_auprc,0.887012269476928
office,103,GroupDRO-EF-PD,source_only,brier,0.03759192992120501
office,103,GroupDRO-EF-PD,source_only,ece15,0.01046803353452679
office,103,GroupDRO-EF-PD,source_only,reversed_auroc,0.005890810313070514
office,103,GroupDRO-EF-PD,source_only,recall_return_air_temperature_fault,0.9628518359765681
office,103,GroupDRO-EF-PD,source_only,recall_supply_air_temperature_fault,0.9631425800193987
office,103,GroupDRO-EF-PD,source_only,selective_error_at_0.5,0.0009259840542407138
office,103,GroupDRO-EF-PD,source_only,selective_error_at_0.8,0.0035509343273333327
office,103,GroupDRO-EF-PD,source_only,selective_error_at_1,0.023628288028124778
office,103,GroupDRO-EF-PD,source_only,train_seconds,19.921506300001056
office,103,GroupDRO-EF-PD,source_only,parameters,12354.0
office,103,GroupDRO-EF-PD,source_only,epochs,12.0
office,103,GroupDRO-EF-PD,source_only,inference_ms_per_observation,0.0002853160901548161
office,103,HGB-current,source_only,accuracy,0.9799736329964216
office,103,HGB-current,source_only,macro_f1,0.9156843426697461
office,103,HGB-current,source_only,macro_auroc,0.9917534621419656
office,103,HGB-current,source_only,macro_auprc,0.9559887131319671
office,103,HGB-current,source_only,nll,0.05952584858932534
office,103,HGB-current,source_only,class_1_precision,0.9897153490243412
office,103,HGB-current,source_only,class_1_recall,0.988903033450026
office,103,HGB-current,source_only,class_1_f1,0.9893090244903773
office,103,HGB-current,source_only,class_1_auroc,0.9917534621419656
office,103,HGB-current,source_only,class_1_auprc,0.9994226334522808
office,103,HGB-current,source_only,class_2_precision,0.8369832677165354
office,103,HGB-current,source_only,class_2_recall,0.84719800747198
office,103,HGB-current,source_only,class_2_f1,0.842059660849115
office,103,HGB-current,source_only,class_2_auroc,0.9917534621419656
office,103,HGB-current,source_only,class_2_auprc,0.9125547928116534
office,103,HGB-current,source_only,brier,0.03043482484465679
office,103,HGB-current,source_only,ece15,0.009503952360769206
office,103,HGB-current,source_only,reversed_auroc,0.008246537858034465
office,103,HGB-current,source_only,recall_return_air_temperature_fault,0.8385483640520074
office,103,HGB-current,source_only,recall_supply_air_temperature_fault,0.9059165858389913
office,103,HGB-current,source_only,selective_error_at_0.5,0.0
office,103,HGB-current,source_only,selective_error_at_0.8,0.0011280592476334839
office,103,HGB-current,source_only,selective_error_at_1,0.020026367003578405
office,103,HGB-current,source_only,train_seconds,1.8643900000024587
office,103,HGB-current,source_only,parameters,
office,103,HGB-current,source_only,epochs,
office,103,HGB-current,source_only,inference_ms_per_observation,
office,104,EF-PD,source_norm,accuracy,0.9847997363299642
office,104,EF-PD,source_norm,macro_f1,0.9379774491123509
office,104,EF-PD,source_norm,macro_auroc,0.993796260392934
office,104,EF-PD,source_norm,macro_auprc,0.9470610938199817
office,104,EF-PD,source_norm,nll,0.06437766283092425
office,104,EF-PD,source_norm,class_1_precision,0.9945853087552947
office,104,EF-PD,source_norm,class_1_recall,0.9891626605919499
office,104,EF-PD,source_norm,class_1_f1,0.9918665731693491
office,104,EF-PD,source_norm,class_1_auroc,0.9937962264963282
office,104,EF-PD,source_norm,class_1_auprc,0.9995846435010708
office,104,EF-PD,source_norm,class_2_precision,0.8509388319318051
office,104,EF-PD,source_norm,class_2_recall,0.9199252801992528
office,104,EF-PD,source_norm,class_2_f1,0.8840883250553527
office,104,EF-PD,source_norm,class_2_auroc,0.99379629428954
office,104,EF-PD,source_norm,class_2_auprc,0.8945375441388925
office,104,EF-PD,source_norm,brier,0.0265719027266677
office,104,EF-PD,source_norm,ece15,0.006639148731511304
office,104,EF-PD,source_norm,reversed_auroc,0.006203800620956619
office,104,EF-PD,source_norm,recall_return_air_temperature_fault,0.9224174882126018
office,104,EF-PD,source_norm,recall_supply_air_temperature_fault,0.9030067895247332
office,104,EF-PD,source_norm,selective_error_at_0.5,1.5694644987185313e-05
office,104,EF-PD,source_norm,selective_error_at_0.8,0.0029427632546961124
office,104,EF-PD,source_norm,selective_error_at_1,0.015200263670035796
office,104,EF-PD,source_norm,parameters,12354.0
office,104,EF-PD,source_norm,train_seconds,17.496878399993875
office,104,EF-PD,source_norm,epochs,12.0
office,104,EF-PD,source_norm,inference_ms_per_observation,0.00020335394560618838
office,104,EF-PD,target_norm,accuracy,0.9533398204532614
office,104,EF-PD,target_norm,macro_f1,0.809874104535453
office,104,EF-PD,target_norm,macro_auroc,0.9775210835324386
office,104,EF-PD,target_norm,macro_auprc,0.8606114149733955
office,104,EF-PD,target_norm,nll,0.1487630142300851
office,104,EF-PD,target_norm,class_1_precision,0.9778060407998248
office,104,EF-PD,target_norm,class_1_recall,0.9722701462287063
office,104,EF-PD,target_norm,class_1_f1,0.9750302358395485
office,104,EF-PD,target_norm,class_1_auroc,0.9775199081024425
office,104,EF-PD,target_norm,class_1_auprc,0.9984536634889725
office,104,EF-PD,target_norm,class_2_precision,0.6196875717895705
office,104,EF-PD,target_norm,class_2_recall,0.6718555417185554
office,104,EF-PD,target_norm,class_2_f1,0.6447179732313576
office,104,EF-PD,target_norm,class_2_auroc,0.9775222589624347
office,104,EF-PD,target_norm,class_2_auprc,0.7227691664578186
office,104,EF-PD,target_norm,brier,0.07274973609123077
office,104,EF-PD,target_norm,ece15,0.03363927136911381
office,104,EF-PD,target_norm,reversed_auroc,0.022477039117079566
office,104,EF-PD,target_norm,recall_return_air_temperature_fault,0.6588084012001715
office,104,EF-PD,target_norm,recall_supply_air_temperature_fault,0.7604267701260912
office,104,EF-PD,target_norm,selective_error_at_0.5,9.416786992277881e-05
office,104,EF-PD,target_norm,selective_error_at_0.8,0.002658296140075511
office,104,EF-PD,target_norm,selective_error_at_1,0.04666017954673862
office,104,EF-PD,target_norm,parameters,12354.0
office,104,EF-PD,target_norm,train_seconds,17.496878399993875
office,104,EF-PD,target_norm,epochs,12.0
office,104,EF-PD,target_norm,inference_ms_per_observation,0.00027202194106576216
office,104,EF-PD,coral_adapt,accuracy,0.9475171071630359
office,104,EF-PD,coral_adapt,macro_f1,0.6995068443386622
office,104,EF-PD,coral_adapt,macro_auroc,0.8631321717004725
office,104,EF-PD,coral_adapt,macro_auprc,0.7041940049841936
office,104,EF-PD,coral_adapt,nll,0.4455204058059303
office,104,EF-PD,coral_adapt,class_1_precision,0.9552261712439418
office,104,EF-PD,coral_adapt,class_1_recall,0.9904105458870036
office,104,EF-PD,coral_adapt,class_1_f1,0.972500226149456
office,104,EF-PD,coral_adapt,class_1_auroc,0.8627404653905953
office,104,EF-PD,coral_adapt,class_1_auprc,0.989329909833092
office,104,EF-PD,coral_adapt,class_2_precision,0.6847466960352423
office,104,EF-PD,coral_adapt,class_2_recall,0.30971357409713574
office,104,EF-PD,coral_adapt,class_2_f1,0.4265134625278683
office,104,EF-PD,coral_adapt,class_2_auroc,0.8635238780103497
office,104,EF-PD,coral_adapt,class_2_auprc,0.4190581001352952
office,104,EF-PD,coral_adapt,brier,0.09828725216999441
office,104,EF-PD,coral_adapt,ece15,0.046431549563250865
office,104,EF-PD,coral_adapt,reversed_auroc,0.13691733272801992
office,104,EF-PD,coral_adapt,recall_return_air_temperature_fault,0.30132876125160735
office,104,EF-PD,coral_adapt,recall_supply_air_temperature_fault,0.36663433559650827
office,104,EF-PD,coral_adapt,selective_error_at_0.5,0.0004865339946010794
office,104,EF-PD,coral_adapt,selective_error_at_0.8,0.03232134974741285
office,104,EF-PD,coral_adapt,selective_error_at_1,0.05248289283696406
office,104,EF-PD,coral_adapt,parameters,12354.0
office,104,EF-PD,coral_adapt,train_seconds,17.496878399993875
office,104,EF-PD,coral_adapt,epochs,12.0
office,104,EF-PD,coral_adapt,inference_ms_per_observation,0.00028003013366940764
office,104,RO-PDRF-NOQ,source_norm,accuracy,0.9087356393998368
office,104,RO-PDRF-NOQ,source_norm,macro_f1,0.6638518413844727
office,104,RO-PDRF-NOQ,source_norm,macro_auroc,0.8964784445850882
office,104,RO-PDRF-NOQ,source_norm,macro_auprc,0.6994373984092729
office,104,RO-PDRF-NOQ,source_norm,nll,0.24865398175862252
office,104,RO-PDRF-NOQ,source_norm,class_1_precision,0.9613685400184938
office,104,RO-PDRF-NOQ,source_norm,class_1_recall,0.94038625818663
office,104,RO-PDRF-NOQ,source_norm,class_1_f1,0.9507616491248867
office,104,RO-PDRF-NOQ,source_norm,class_1_auroc,0.8964784430206294
office,104,RO-PDRF-NOQ,source_norm,class_1_auprc,0.9925603327765788
office,104,RO-PDRF-NOQ,source_norm,class_2_precision,0.3307634449040993
office,104,RO-PDRF-NOQ,source_norm,class_2_recall,0.438107098381071
office,104,RO-PDRF-NOQ,source_norm,class_2_f1,0.3769420336440587
office,104,RO-PDRF-NOQ,source_norm,class_2_auroc,0.896478446149547
office,104,RO-PDRF-NOQ,source_norm,class_2_auprc,0.40631446404196697
office,104,RO-PDRF-NOQ,source_norm,brier,0.1371852165523692
office,104,RO-PDRF-NOQ,source_norm,ece15,0.05367792903688472
office,104,RO-PDRF-NOQ,source_norm,reversed_auroc,0.10352155854382936
office,104,RO-PDRF-NOQ,source_norm,recall_return_air_temperature_fault,0.4023431918845549
office,104,RO-PDRF-NOQ,source_norm,recall_supply_air_temperature_fault,0.6808923375363725
office,104,RO-PDRF-NOQ,source_norm,selective_error_at_0.5,0.0005807018645238582
office,104,RO-PDRF-NOQ,source_norm,selective_error_at_0.8,0.02872136936583447
office,104,RO-PDRF-NOQ,source_norm,selective_error_at_1,0.09126436060016319
office,104,RO-PDRF-NOQ,source_norm,parameters,15055.0
office,104,RO-PDRF-NOQ,source_norm,train_seconds,59.30456289999711
office,104,RO-PDRF-NOQ,source_norm,epochs,12.0
office,104,RO-PDRF-NOQ,source_norm,inference_ms_per_observation,0.0006409857806861708
office,104,RO-PDRF-NOQ,target_norm,accuracy,0.9221153242513654
office,104,RO-PDRF-NOQ,target_norm,macro_f1,0.55963629769621
office,104,RO-PDRF-NOQ,target_norm,macro_auroc,0.7855723075826833
office,104,RO-PDRF-NOQ,target_norm,macro_auprc,0.5946035268103603
office,104,RO-PDRF-NOQ,target_norm,nll,0.26122620949283554
office,104,RO-PDRF-NOQ,target_norm,class_1_precision,0.9427069432649925
office,104,RO-PDRF-NOQ,target_norm,class_1_recall,0.9762064287030368
office,104,RO-PDRF-NOQ,target_norm,class_1_f1,0.95916427686826
office,104,RO-PDRF-NOQ,target_norm,class_1_auroc,0.7855723023678208
office,104,RO-PDRF-NOQ,target_norm,class_1_auprc,0.982396629616269
office,104,RO-PDRF-NOQ,target_norm,class_2_precision,0.24980195405334038
office,104,RO-PDRF-NOQ,target_norm,class_2_recall,0.1178082191780822
office,104,RO-PDRF-NOQ,target_norm,class_2_f1,0.1601083185241601
office,104,RO-PDRF-NOQ,target_norm,class_2_auroc,0.7855723127975458
office,104,RO-PDRF-NOQ,target_norm,class_2_auprc,0.20681042400445163
office,104,RO-PDRF-NOQ,target_norm,brier,0.1258015212155851
office,104,RO-PDRF-NOQ,target_norm,ece15,0.04498895532974554
office,104,RO-PDRF-NOQ,target_norm,reversed_auroc,0.21442771066933533
office,104,RO-PDRF-NOQ,target_norm,recall_return_air_temperature_fault,0.09787112444634948
office,104,RO-PDRF-NOQ,target_norm,recall_supply_air_temperature_fault,0.25315227934044615
office,104,RO-PDRF-NOQ,target_norm,selective_error_at_0.5,0.017703559545483083
office,104,RO-PDRF-NOQ,target_norm,selective_error_at_0.8,0.03760851439501689
office,104,RO-PDRF-NOQ,target_norm,selective_error_at_1,0.07788467574863456
office,104,RO-PDRF-NOQ,target_norm,parameters,15055.0
office,104,RO-PDRF-NOQ,target_norm,train_seconds,59.30456289999711
office,104,RO-PDRF-NOQ,target_norm,epochs,12.0
office,104,RO-PDRF-NOQ,target_norm,inference_ms_per_observation,0.0006578159332660177
office,104,RO-PDRF-NOQ,coral_adapt,accuracy,0.9371115575365685
office,104,RO-PDRF-NOQ,coral_adapt,macro_f1,0.6841529069754891
office,104,RO-PDRF-NOQ,coral_adapt,macro_auroc,0.8643562456728375
office,104,RO-PDRF-NOQ,coral_adapt,macro_auprc,0.6753573529868672
office,104,RO-PDRF-NOQ,coral_adapt,nll,0.2124427572413423
office,104,RO-PDRF-NOQ,coral_adapt,class_1_precision,0.9562389409528803
office,104,RO-PDRF-NOQ,coral_adapt,class_1_recall,0.9776218153799768
office,104,RO-PDRF-NOQ,coral_adapt,class_1_f1,0.9668121619718894
office,104,RO-PDRF-NOQ,coral_adapt,class_1_auroc,0.8643562477587825
office,104,RO-PDRF-NOQ,coral_adapt,class_1_auprc,0.9894399776405762
office,104,RO-PDRF-NOQ,coral_adapt,class_2_precision,0.5014925373134328
office,104,RO-PDRF-NOQ,coral_adapt,class_2_recall,0.33474470734744705
office,104,RO-PDRF-NOQ,coral_adapt,class_2_f1,0.4014936519790889
office,104,RO-PDRF-NOQ,coral_adapt,class_2_auroc,0.8643562435868926
office,104,RO-PDRF-NOQ,coral_adapt,class_2_auprc,0.3612747283331581
office,104,RO-PDRF-NOQ,coral_adapt,brier,0.10631019025478046
office,104,RO-PDRF-NOQ,coral_adapt,ece15,0.030961472053010433
office,104,RO-PDRF-NOQ,coral_adapt,reversed_auroc,0.13564374598338258
office,104,RO-PDRF-NOQ,coral_adapt,recall_return_air_temperature_fault,0.3177596799542792
office,104,RO-PDRF-NOQ,coral_adapt,recall_supply_air_temperature_fault,0.45004849660523766
office,104,RO-PDRF-NOQ,coral_adapt,selective_error_at_0.5,0.004629920271203458
office,104,RO-PDRF-NOQ,coral_adapt,selective_error_at_0.8,0.029466869390357586
office,104,RO-PDRF-NOQ,coral_adapt,selective_error_at_1,0.0628884424634315
office,104,RO-PDRF-NOQ,coral_adapt,parameters,15055.0
office,104,RO-PDRF-NOQ,coral_adapt,train_seconds,59.30456289999711
office,104,RO-PDRF-NOQ,coral_adapt,epochs,12.0
office,104,RO-PDRF-NOQ,coral_adapt,inference_ms_per_observation,0.0006631960575390346
office,104,GroupDRO-EF-PD,source_only,accuracy,0.9864712160210936
office,104,GroupDRO-EF-PD,source_only,macro_f1,0.9432697364819216
office,104,GroupDRO-EF-PD,source_only,macro_auroc,0.9949392393430584
office,104,GroupDRO-EF-PD,source_only,macro_auprc,0.9546294441600314
office,104,GroupDRO-EF-PD,source_only,nll,0.058136300148888216
office,104,GroupDRO-EF-PD,source_only,class_1_precision,0.9934750155157086
office,104,GroupDRO-EF-PD,source_only,class_1_recall,0.9920771846367733
office,104,GroupDRO-EF-PD,source_only,class_1_f1,0.9927756080390218
office,104,GroupDRO-EF-PD,source_only,class_1_auroc,0.9949391413036444
office,104,GroupDRO-EF-PD,source_only,class_1_auprc,0.9996621675707942
office,104,GroupDRO-EF-PD,source_only,class_2_precision,0.8846060014637717
office,104,GroupDRO-EF-PD,source_only,class_2_recall,0.9031133250311333
office,104,GroupDRO-EF-PD,source_only,class_2_f1,0.8937638649248213
office,104,GroupDRO-EF-PD,source_only,class_2_auroc,0.9949393373824724
office,104,GroupDRO-EF-PD,source_only,class_2_auprc,0.9095967207492685
office,104,GroupDRO-EF-PD,source_only,brier,0.02267387223659392
office,104,GroupDRO-EF-PD,source_only,ece15,0.005489917559354766
office,104,GroupDRO-EF-PD,source_only,reversed_auroc,0.0050606673109038205
office,104,GroupDRO-EF-PD,source_only,recall_return_air_temperature_fault,0.8978425489355623
office,104,GroupDRO-EF-PD,source_only,recall_supply_air_temperature_fault,0.938894277400582
office,104,GroupDRO-EF-PD,source_only,selective_error_at_0.5,7.847322493570452e-05
office,104,GroupDRO-EF-PD,source_only,selective_error_at_0.8,0.0013830987297072106
office,104,GroupDRO-EF-PD,source_only,selective_error_at_1,0.013528783978906445
office,104,GroupDRO-EF-PD,source_only,train_seconds,19.725813500001095
office,104,GroupDRO-EF-PD,source_only,parameters,12354.0
office,104,GroupDRO-EF-PD,source_only,epochs,12.0
office,104,GroupDRO-EF-PD,source_only,inference_ms_per_observation,0.00020033115691757102
office,104,HGB-current,source_only,accuracy,0.9841797978529726
office,104,HGB-current,source_only,macro_f1,0.9329754036085958
office,104,HGB-current,source_only,macro_auroc,0.9940129389706942
office,104,HGB-current,source_only,macro_auprc,0.965147900096389
office,104,HGB-current,source_only,nll,0.051297725534582894
office,104,HGB-current,source_only,class_1_precision,0.991516765484206
office,104,HGB-current,source_only,class_1_recall,0.991599805698397
office,104,HGB-current,source_only,class_1_f1,0.9915582838527055
office,104,HGB-current,source_only,class_1_auroc,0.9940129389706941
office,104,HGB-current,source_only,class_1_auprc,0.9995902122200118
office,104,HGB-current,source_only,class_2_precision,0.8749376558603491
office,104,HGB-current,source_only,class_2_recall,0.8738480697384807
office,104,HGB-current,source_only,class_2_f1,0.874392523364486
office,104,HGB-current,source_only,class_2_auroc,0.9940129389706942
office,104,HGB-current,source_only,class_2_auprc,0.930705587972766
office,104,HGB-current,source_only,brier,0.025803470728146972
office,104,HGB-current,source_only,ece15,0.007103606325590319
office,104,HGB-current,source_only,reversed_auroc,0.005987061029305795
office,104,HGB-current,source_only,recall_return_air_temperature_fault,0.8625517931133019
office,104,HGB-current,source_only,recall_supply_air_temperature_fault,0.950533462657614
office,104,HGB-current,source_only,selective_error_at_0.5,0.0
office,104,HGB-current,source_only,selective_error_at_0.8,0.0006081710726372203
office,104,HGB-current,source_only,selective_error_at_1,0.015820202147027396
office,104,HGB-current,source_only,train_seconds,1.9724132000119425
office,104,HGB-current,source_only,parameters,
office,104,HGB-current,source_only,epochs,
office,104,HGB-current,source_only,inference_ms_per_observation,
office,105,EF-PD,source_norm,accuracy,0.9888411074141503
office,105,EF-PD,source_norm,macro_f1,0.9538272646295687
office,105,EF-PD,source_norm,macro_auroc,0.9958192617223276
office,105,EF-PD,source_norm,macro_auprc,0.9629417950386061
office,105,EF-PD,source_norm,nll,0.04891166881485048
office,105,EF-PD,source_norm,class_1_precision,0.9957142857142857
office,105,EF-PD,source_norm,class_1_recall,0.9923619369859802
office,105,EF-PD,source_norm,class_1_f1,0.9940352849388847
office,105,EF-PD,source_norm,class_1_auroc,0.9958193454208699
office,105,EF-PD,source_norm,class_1_auprc,0.999720803712293
office,105,EF-PD,source_norm,class_2_precision,0.8918406072106262
office,105,EF-PD,source_norm,class_2_recall,0.9364881693648817
office,105,EF-PD,source_norm,class_2_f1,0.9136192443202527
office,105,EF-PD,source_norm,class_2_auroc,0.9958191780237853
office,105,EF-PD,source_norm,class_2_auprc,0.9261627863649193
office,105,EF-PD,source_norm,brier,0.018726629706670134
office,105,EF-PD,source_norm,ece15,0.0035168959679250824
office,105,EF-PD,source_norm,reversed_auroc,0.00418084700755444
office,105,EF-PD,source_norm,recall_return_air_temperature_fault,0.9372767538219746
office,105,EF-PD,source_norm,recall_supply_air_temperature_fault,0.9311348205625606
office,105,EF-PD,source_norm,selective_error_at_0.5,0.0
office,105,EF-PD,source_norm,selective_error_at_0.8,0.0007651184462209581
office,105,EF-PD,source_norm,selective_error_at_1,0.011158892585849678
office,105,EF-PD,source_norm,parameters,12354.0
office,105,EF-PD,source_norm,train_seconds,17.08538889999909
office,105,EF-PD,source_norm,epochs,12.0
office,105,EF-PD,source_norm,inference_ms_per_observation,0.0002777183124452661
office,105,EF-PD,target_norm,accuracy,0.9519116077594325
office,105,EF-PD,target_norm,macro_f1,0.7987668845441662
office,105,EF-PD,target_norm,macro_auroc,0.9689757575229136
office,105,EF-PD,target_norm,macro_auprc,0.8446882490985725
office,105,EF-PD,target_norm,nll,0.2131559562271842
office,105,EF-PD,target_norm,class_1_precision,0.9751505897749962
office,105,EF-PD,target_norm,class_1_recall,0.9734845312473828
office,105,EF-PD,target_norm,class_1_f1,0.9743168482816429
office,105,EF-PD,target_norm,class_1_auroc,0.9687861221788454
office,105,EF-PD,target_norm,class_1_auprc,0.9977257659381357
office,105,EF-PD,target_norm,class_2_precision,0.6154967209132863
office,105,EF-PD,target_norm,class_2_recall,0.6311332503113325
office,105,EF-PD,target_norm,class_2_f1,0.6232169208066897
office,105,EF-PD,target_norm,class_2_auroc,0.9691653928669819
office,105,EF-PD,target_norm,class_2_auprc,0.6916507322590093
office,105,EF-PD,target_norm,brier,0.08070125513528109
office,105,EF-PD,target_norm,ece15,0.037716887810841884
office,105,EF-PD,target_norm,reversed_auroc,0.031120824858573454
office,105,EF-PD,target_norm,recall_return_air_temperature_fault,0.6169452778968424
office,105,EF-PD,target_norm,recall_supply_air_temperature_fault,0.7274490785645005
office,105,EF-PD,target_norm,selective_error_at_0.5,0.00014125180488422373
office,105,EF-PD,target_norm,selective_error_at_0.8,0.0028250527245082813
office,105,EF-PD,target_norm,selective_error_at_1,0.04808839224056749
office,105,EF-PD,target_norm,parameters,12354.0
office,105,EF-PD,target_norm,train_seconds,17.08538889999909
office,105,EF-PD,target_norm,epochs,12.0
office,105,EF-PD,target_norm,inference_ms_per_observation,0.0002733952225673634
office,105,EF-PD,coral_adapt,accuracy,0.9487334421495386
office,105,EF-PD,coral_adapt,macro_f1,0.6869043892517007
office,105,EF-PD,coral_adapt,macro_auroc,0.862380485000147
office,105,EF-PD,coral_adapt,macro_auprc,0.7108051867673502
office,105,EF-PD,coral_adapt,nll,0.5615279736382127
office,105,EF-PD,coral_adapt,class_1_precision,0.953059897401315
office,105,EF-PD,coral_adapt,class_1_recall,0.9942547026012964
office,105,EF-PD,coral_adapt,class_1_f1,0.9732215686676368
office,105,EF-PD,coral_adapt,class_1_auroc,0.8402396183404877
office,105,EF-PD,coral_adapt,class_1_auprc,0.9829998192316859
office,105,EF-PD,coral_adapt,class_2_precision,0.7608922969675845
office,105,EF-PD,coral_adapt,class_2_recall,0.2718555417185554
office,105,EF-PD,coral_adapt,class_2_f1,0.40058720983576473
office,105,EF-PD,coral_adapt,class_2_auroc,0.8845213516598063
office,105,EF-PD,coral_adapt,class_2_auprc,0.4386105543030143
office,105,EF-PD,coral_adapt,brier,0.09929340539376715
office,105,EF-PD,coral_adapt,ece15,0.04786189313342069
office,105,EF-PD,coral_adapt,reversed_auroc,0.15043626079093236
office,105,EF-PD,coral_adapt,recall_return_air_temperature_fault,0.26418059722817544
office,105,EF-PD,coral_adapt,recall_supply_air_temperature_fault,0.3239573229873909
office,105,EF-PD,coral_adapt,selective_error_at_0.5,0.004237554146525158
office,105,EF-PD,coral_adapt,selective_error_at_0.8,0.026053264014910038
office,105,EF-PD,coral_adapt,selective_error_at_1,0.051266557850461414
office,105,EF-PD,coral_adapt,parameters,12354.0
office,105,EF-PD,coral_adapt,train_seconds,17.08538889999909
office,105,EF-PD,coral_adapt,epochs,12.0
office,105,EF-PD,coral_adapt,inference_ms_per_observation,0.00027564818876723353
office,105,RO-PDRF-NOQ,source_norm,accuracy,0.9232531860129324
office,105,RO-PDRF-NOQ,source_norm,macro_f1,0.6781405374055636
office,105,RO-PDRF-NOQ,source_norm,macro_auroc,0.8891508298942532
office,105,RO-PDRF-NOQ,source_norm,macro_auprc,0.6971587306700826
office,105,RO-PDRF-NOQ,source_norm,nll,0.24090251967219728
office,105,RO-PDRF-NOQ,source_norm,class_1_precision,0.959684994464759
office,105,RO-PDRF-NOQ,source_norm,class_1_recall,0.9583507813939465
office,105,RO-PDRF-NOQ,source_norm,class_1_f1,0.9590174238805219
office,105,RO-PDRF-NOQ,source_norm,class_1_auroc,0.8891508353698588
office,105,RO-PDRF-NOQ,source_norm,class_1_auprc,0.9919897479422375
office,105,RO-PDRF-NOQ,source_norm,class_2_precision,0.39324060517325526
office,105,RO-PDRF-NOQ,source_norm,class_2_recall,0.40136986301369865
office,105,RO-PDRF-NOQ,source_norm,class_2_f1,0.3972636509306052
office,105,RO-PDRF-NOQ,source_norm,class_2_auroc,0.8891508244186477
office,105,RO-PDRF-NOQ,source_norm,class_2_auprc,0.4023277133979277
office,105,RO-PDRF-NOQ,source_norm,brier,0.11848959026869672
office,105,RO-PDRF-NOQ,source_norm,ece15,0.04112662365384689
office,105,RO-PDRF-NOQ,source_norm,reversed_auroc,0.11084917140946238
office,105,RO-PDRF-NOQ,source_norm,recall_return_air_temperature_fault,0.3740534362051722
office,105,RO-PDRF-NOQ,source_norm,recall_supply_air_temperature_fault,0.5868089233753637
office,105,RO-PDRF-NOQ,source_norm,selective_error_at_0.5,0.00012555715989703842
office,105,RO-PDRF-NOQ,source_norm,selective_error_at_0.8,0.03219383000637599
office,105,RO-PDRF-NOQ,source_norm,selective_error_at_1,0.07674681398706762
office,105,RO-PDRF-NOQ,source_norm,parameters,15055.0
office,105,RO-PDRF-NOQ,source_norm,train_seconds,63.09406859999581
office,105,RO-PDRF-NOQ,source_norm,epochs,12.0
office,105,RO-PDRF-NOQ,source_norm,inference_ms_per_observation,0.0006261111809170997
office,105,RO-PDRF-NOQ,target_norm,accuracy,0.9256858559859376
office,105,RO-PDRF-NOQ,target_norm,macro_f1,0.5540755854881122
office,105,RO-PDRF-NOQ,target_norm,macro_auroc,0.8112682296728886
office,105,RO-PDRF-NOQ,target_norm,macro_auprc,0.6129280209944112
office,105,RO-PDRF-NOQ,target_norm,nll,0.25767116398051226
office,105,RO-PDRF-NOQ,target_norm,class_1_precision,0.9419909938887102
office,105,RO-PDRF-NOQ,target_norm,class_1_recall,0.981105844123214
office,105,RO-PDRF-NOQ,target_norm,class_1_f1,0.9611506305330609
office,105,RO-PDRF-NOQ,target_norm,class_1_auroc,0.8112682414063291
office,105,RO-PDRF-NOQ,target_norm,class_1_auprc,0.985018318002834
office,105,RO-PDRF-NOQ,target_norm,class_2_precision,0.265625
office,105,RO-PDRF-NOQ,target_norm,class_2_recall,0.1016189290161893
office,105,RO-PDRF-NOQ,target_norm,class_2_f1,0.1470005404431634
office,105,RO-PDRF-NOQ,target_norm,class_2_auroc,0.8112682179394481
office,105,RO-PDRF-NOQ,target_norm,class_2_auprc,0.2408377239859885
office,105,RO-PDRF-NOQ,target_norm,brier,0.11539237878651679
office,105,RO-PDRF-NOQ,target_norm,ece15,0.04839341167749469
office,105,RO-PDRF-NOQ,target_norm,reversed_auroc,0.1887317596366434
office,105,RO-PDRF-NOQ,target_norm,recall_return_air_temperature_fault,0.07972567509644235
office,105,RO-PDRF-NOQ,target_norm,recall_supply_air_temperature_fault,0.2502424830261882
office,105,RO-PDRF-NOQ,target_norm,selective_error_at_0.5,0.0010201519241634927
office,105,RO-PDRF-NOQ,target_norm,selective_error_at_0.8,0.037579086762469904
office,105,RO-PDRF-NOQ,target_norm,selective_error_at_1,0.07431414401406244
office,105,RO-PDRF-NOQ,target_norm,parameters,15055.0
office,105,RO-PDRF-NOQ,target_norm,train_seconds,63.09406859999581
office,105,RO-PDRF-NOQ,target_norm,epochs,12.0
office,105,RO-PDRF-NOQ,target_norm,inference_ms_per_observation,0.0007050026680879844
office,105,RO-PDRF-NOQ,coral_adapt,accuracy,0.9375510075962081
office,105,RO-PDRF-NOQ,coral_adapt,macro_f1,0.6679320173652014
office,105,RO-PDRF-NOQ,coral_adapt,macro_auroc,0.8715738937769649
office,105,RO-PDRF-NOQ,coral_adapt,macro_auprc,0.6691333346875599
office,105,RO-PDRF-NOQ,coral_adapt,nll,0.2162726432128179
office,105,RO-PDRF-NOQ,coral_adapt,class_1_precision,0.9535553819105294
office,105,RO-PDRF-NOQ,coral_adapt,class_1_recall,0.9811393443995913
office,105,RO-PDRF-NOQ,coral_adapt,class_1_f1,0.9671507236087147
office,105,RO-PDRF-NOQ,coral_adapt,class_1_auroc,0.8715739094215522
office,105,RO-PDRF-NOQ,coral_adapt,class_1_auprc,0.990313691608266
office,105,RO-PDRF-NOQ,coral_adapt,class_2_precision,0.5078671328671329
office,105,RO-PDRF-NOQ,coral_adapt,class_2_recall,0.28941469489414695
office,105,RO-PDRF-NOQ,coral_adapt,class_2_f1,0.3687133111216881
office,105,RO-PDRF-NOQ,coral_adapt,class_2_auroc,0.8715738781323776
office,105,RO-PDRF-NOQ,coral_adapt,class_2_auprc,0.34795297776685385
office,105,RO-PDRF-NOQ,coral_adapt,brier,0.10667678795340768
office,105,RO-PDRF-NOQ,coral_adapt,ece15,0.03549973316987856
office,105,RO-PDRF-NOQ,coral_adapt,reversed_auroc,0.12842612864694364
office,105,RO-PDRF-NOQ,coral_adapt,recall_return_air_temperature_fault,0.27503929132733246
office,105,RO-PDRF-NOQ,coral_adapt,recall_supply_air_temperature_fault,0.38700290979631424
office,105,RO-PDRF-NOQ,coral_adapt,selective_error_at_0.5,0.0040492184066796
office,105,RO-PDRF-NOQ,coral_adapt,selective_error_at_0.8,0.03201726421109419
office,105,RO-PDRF-NOQ,coral_adapt,selective_error_at_1,0.06244899240379187
office,105,RO-PDRF-NOQ,coral_adapt,parameters,15055.0
office,105,RO-PDRF-NOQ,coral_adapt,train_seconds,63.09406859999581
office,105,RO-PDRF-NOQ,coral_adapt,epochs,12.0
office,105,RO-PDRF-NOQ,coral_adapt,inference_ms_per_observation,0.0007162643605912104
office,105,GroupDRO-EF-PD,source_only,accuracy,0.9842268817879339
office,105,GroupDRO-EF-PD,source_only,macro_f1,0.9376971093449522
office,105,GroupDRO-EF-PD,source_only,macro_auroc,0.9953771083975702
office,105,GroupDRO-EF-PD,source_only,macro_auprc,0.9551248999756263
office,105,GroupDRO-EF-PD,source_only,nll,0.05412638594403196
office,105,GroupDRO-EF-PD,source_only,class_1_precision,0.996766986018484
office,105,GroupDRO-EF-PD,source_only,class_1_recall,0.986365387514447
office,105,GroupDRO-EF-PD,source_only,class_1_f1,0.9915389083928977
office,105,GroupDRO-EF-PD,source_only,class_1_auroc,0.9953771104835152
office,105,GroupDRO-EF-PD,source_only,class_1_auprc,0.9996932814699945
office,105,GroupDRO-EF-PD,source_only,class_2_precision,0.8244933160845191
office,105,GroupDRO-EF-PD,source_only,class_2_recall,0.952428393524284
office,105,GroupDRO-EF-PD,source_only,class_2_f1,0.8838553102970068
office,105,GroupDRO-EF-PD,source_only,class_2_auroc,0.9953771063116251
office,105,GroupDRO-EF-PD,source_only,class_2_auprc,0.9105565184812583
office,105,GroupDRO-EF-PD,source_only,brier,0.024837954235603272
office,105,GroupDRO-EF-PD,source_only,ece15,0.003551694564813604
office,105,GroupDRO-EF-PD,source_only,reversed_auroc,0.004622887952026104
office,105,GroupDRO-EF-PD,source_only,recall_return_air_temperature_fault,0.9521360194313473
office,105,GroupDRO-EF-PD,source_only,recall_supply_air_temperature_fault,0.9544131910766246
office,105,GroupDRO-EF-PD,source_only,selective_error_at_0.5,9.416786992277881e-05
office,105,GroupDRO-EF-PD,source_only,selective_error_at_0.8,0.0020795526999852765
office,105,GroupDRO-EF-PD,source_only,selective_error_at_1,0.015773118212066062
office,105,GroupDRO-EF-PD,source_only,train_seconds,21.1563848000078
office,105,GroupDRO-EF-PD,source_only,parameters,12354.0
office,105,GroupDRO-EF-PD,source_only,epochs,12.0
office,105,GroupDRO-EF-PD,source_only,inference_ms_per_observation,0.00020975108296744072
office,105,HGB-current,source_only,accuracy,0.9844544541402473
office,105,HGB-current,source_only,macro_f1,0.930792200453778
office,105,HGB-current,source_only,macro_auroc,0.994972553448846
office,105,HGB-current,source_only,macro_auprc,0.9688339014305073
office,105,HGB-current,source_only,nll,0.047108956106895805
office,105,HGB-current,source_only,class_1_precision,0.9882735506191732
office,105,HGB-current,source_only,class_1_recall,0.9952178355471433
office,105,HGB-current,source_only,class_1_f1,0.9917335369695756
office,105,HGB-current,source_only,class_1_auroc,0.994972553448846
office,105,HGB-current,source_only,class_1_auprc,0.9996549079519629
office,105,HGB-current,source_only,class_2_precision,0.9205951884299819
office,105,HGB-current,source_only,class_2_recall,0.8244084682440846
office,105,HGB-current,source_only,class_2_f1,0.8698508639379804
office,105,HGB-current,source_only,class_2_auroc,0.9949725534488462
office,105,HGB-current,source_only,class_2_auprc,0.9380128949090517
office,105,HGB-current,source_only,brier,0.02345196603228718
office,105,HGB-current,source_only,ece15,0.006561028096523565
office,105,HGB-current,source_only,reversed_auroc,0.0050274465511538505
office,105,HGB-current,source_only,recall_return_air_temperature_fault,0.8132590370052865
office,105,HGB-current,source_only,recall_supply_air_temperature_fault,0.9000969932104753
office,105,HGB-current,source_only,selective_error_at_0.5,0.0
office,105,HGB-current,source_only,selective_error_at_0.8,0.0009220658198048071
office,105,HGB-current,source_only,selective_error_at_1,0.015545545859752652
office,105,HGB-current,source_only,train_seconds,2.5251033999957144
office,105,HGB-current,source_only,parameters,
office,105,HGB-current,source_only,epochs,
office,105,HGB-current,source_only,inference_ms_per_observation,
